,player_id,team_rank,dbnos,assists,boosts,damage_dealt,headshot_kills,heals,kill_streaks,kills,longest_kill,revives,team_kills,time_survived
0,GnG_siege,7,0,0,1,0.0,0,0,0,0,0.0,0,0,816.0
1,GnG_Dlaks,7,1,0,0,100.0,0,0,0,0,0.0,0,0,761.0
2,GnG_VenTus,7,1,0,8,119.03659,0,4,0,0,0.0,0,0,1055.0
3,GnG_xikk,7,0,0,6,0.0,0,2,0,0,0.0,0,0,1019.0
4,MaD_2tap,2,2,1,9,179.10165,0,24,0,0,0.0,0,0,1517.0
5,MaD_EEND,2,2,1,8,245.53827,1,12,1,1,197.4834,0,0,1476.0
6,MaD_DAEVA,2,2,0,8,318.30606,0,17,1,4,470.0387,1,0,1517.0
7,MaD_Lash,2,1,2,8,389.26483,0,25,0,0,0.0,0,0,1517.0
8,DK_Under,8,0,0,1,31.02,0,2,0,0,0.0,0,0,1038.0
9,DK_SiIky,8,1,0,2,100.0,0,1,0,0,0.0,0,0,1038.0
10,DK_Makne,8,0,0,2,139.64322,0,0,0,0,0.0,0,0,1038.0
11,DK_Loki,8,0,0,2,62.606613,0,1,0,0,0.0,0,0,1038.0
12,DNW_Salute,13,1,1,5,92.3999,0,2,0,0,0.0,0,0,771.0
13,DNW_LeClo,13,0,0,4,79.33048,0,0,0,0,0.0,0,0,708.0
14,DNW_YJ,13,1,1,3,183.5638,0,0,1,1,62.76008,0,0,771.0
15,DNW_seoul,13,1,0,6,57.96341,0,2,0,0,0.0,0,0,781.0
16,emT_JeffLocka,5,1,0,2,185.2153,0,5,1,1,391.12054,0,0,1188.0
17,emT_Salvia,5,0,0,5,62.039997,0,7,0,0,0.0,0,0,1188.0
18,emT_Gyuyeon,5,2,0,3,216.15575,1,15,2,2,56.00286,0,0,1170.0
19,emT_Hwarang,5,0,0,4,0.0,0,8,0,0,0.0,0,0,1035.0
20,FSG_Black9,14,0,0,4,105.73979,0,0,0,0,0.0,0,0,737.0
21,FSG_blackwalk,14,0,0,2,78.95999,0,2,0,0,0.0,0,0,780.0
22,FSG_Seongjang,14,2,0,2,347.23206,1,0,1,1,115.80814,0,0,780.0
23,FSG_DG98,14,0,0,0,21.6,0,0,0,0,0.0,0,0,272.0
24,GRF_Menteul,1,3,0,0,305.86722,0,1,2,4,74.12131,0,0,1517.865
25,GRF_2heart,1,2,0,2,339.089,1,1,1,2,228.1789,0,0,1517.865
26,GRF_Foxy,1,0,0,5,66.42401,0,0,0,0,0.0,1,0,1517.865
27,GRF_mick9y,1,4,1,2,360.97388,0,2,1,2,44.56609,1,0,1517.865
28,V7_2star,16,0,0,0,0.0,0,0,0,0,0.0,0,0,92.0
29,V7_Heat,16,1,0,0,97.593994,0,0,0,0,0.0,0,0,207.0
30,V7_SeungYong,16,1,0,0,126.55499,0,0,0,0,0.0,0,0,221.0
31,V7_TaekGyun,16,0,0,0,0.0,0,0,0,0,0.0,0,0,98.0
32,GEN_Esther,3,2,0,3,102.26692,1,3,1,3,308.18124,2,0,1393.0
33,GEN_Asura,3,2,1,3,352.17502,1,4,1,2,35.12145,5,0,1393.0
34,GEN_Pio,3,0,1,6,266.06458,0,2,1,1,194.45941,0,0,1375.0
35,GEN_Inonix,3,3,2,5,413.59518,0,1,1,1,39.36405,0,0,1393.0
36,ATA_Sparrow,4,0,0,4,90.742195,0,2,0,0,0.0,1,0,1222.0
37,ATA_Shadow,4,1,0,1,78.8892,0,6,1,1,26.920525,0,0,1169.0
38,ATA_maczora,4,1,0,4,146.90077,0,2,1,1,207.53267,0,0,1110.0
39,ATA_Rain1ng,4,1,1,2,303.4828,0,8,2,2,23.890858,1,0,1121.0
40,WKD_Damin,10,0,0,0,0.0,0,0,0,0,0.0,0,0,132.0
41,WKD_AKaN,10,1,0,4,247.7113,1,4,1,2,24.336555,0,0,845.0
42,WKD_Psychopathy,10,0,1,3,0.0,0,6,0,0,0.0,0,0,981.0
43,WKD_HelleN,10,3,0,3,319.1013,2,7,1,3,77.91034,0,0,995.0
44,OPGG_WICK2D,11,0,1,2,58.888725,0,16,0,0,0.0,1,0,874.0
45,OPGG_yacha,11,2,1,2,140.99957,1,13,1,1,43.96634,0,0,862.0
46,OPGG_Gak,11,1,0,3,148.02498,0,10,1,1,16.670073,1,0,892.0
47,OPGG_HowL,11,1,1,3,71.51114,1,0,1,1,212.29724,0,0,749.0
48,Alo_ha,15,0,2,4,24.509998,0,5,0,0,0.0,0,0,713.0
49,Alo_Minsung,15,2,0,4,163.25786,0,12,1,2,51.384106,1,0,694.0
50,Alo_Ayoh,15,1,0,3,196.83206,0,0,1,2,62.976288,1,0,702.0
51,Alo_Joy,15,1,0,2,43.803135,0,1,0,0,0.0,0,0,714.0
52,GBL_Spear,6,0,0,5,97.78869,0,6,1,1,7.6682277,2,0,1039.0
53,GBL_Adder,6,1,1,5,91.40372,1,6,1,1,20.020042,0,0,876.0
54,GBL_Renba,6,2,1,5,333.99713,0,17,1,2,152.29543,0,0,1117.0
55,GBL_Lambu,6,0,0,0,0.0,0,0,0,0,0.0,0,0,547.0
56,T1_Aqua5,9,3,0,1,154.0446,1,13,1,3,261.6568,1,0,1008.0
57,T1_Daengchae,9,0,0,3,0.0,0,2,1,1,258.44406,0,0,878.0
58,T1_Hwan2da,9,1,2,5,73.07996,0,12,1,1,13.923153,0,0,1034.0
59,T1_Hulk,9,0,0,1,0.0,0,0,0,0,0.0,0,0,643.0
60,AF_Hansia,12,1,0,3,130.13191,0,6,3,3,75.673256,1,0,826.0
61,AF_Hikari,12,1,1,1,85.399826,0,1,1,1,36.968014,0,0,826.0
62,AF_Akad,12,1,0,2,100.0,0,2,1,1,87.60199,0,0,770.0
63,AF_EJ,12,0,0,2,41.4,0,0,0,0,0.0,0,0,802.0
64,DNW_Salute,13,0,1,3,0.0,0,1,0,0,0.0,0,0,628.0
65,DNW_LeClo,13,0,0,2,0.0,0,0,0,0,0.0,0,0,648.0
66,DNW_seoul,13,3,1,2,337.93668,0,0,1,1,21.285334,0,0,648.0
67,DNW_YJ,13,0,0,1,0.0,0,0,0,0,0.0,0,0,628.0
68,OPGG_HowL,3,1,0,11,281.8688,0,1,1,1,16.842392,0,0,1902.0
69,OPGG_WICK2D,3,0,3,4,303.20248,0,2,0,0,0.0,0,0,1902.0
70,OPGG_Gak,3,1,0,7,176.27905,1,5,2,2,17.219383,0,0,1902.0
71,OPGG_yacha,3,0,0,1,22.309147,0,0,0,0,0.0,0,0,1386.0
72,T1_Hwan2da,6,0,1,6,136.2721,0,1,1,1,157.38507,0,0,1626.0
73,T1_Aqua5,6,0,0,4,74.35411,1,2,1,1,169.38245,0,0,1626.0
74,T1_Daengchae,6,2,0,2,176.52405,0,3,2,5,169.66484,0,0,1368.0
75,T1_Hulk,6,0,1,5,81.41516,0,2,1,1,29.97544,1,0,1626.0
76,GBL_Adder,15,2,0,1,414.2,1,3,2,4,65.87171,0,0,582.0
77,GBL_Renba,15,0,0,3,25.998026,0,0,0,0,0.0,0,0,400.0
78,GBL_Lambu,15,0,0,0,0.0,0,0,0,0,0.0,0,0,370.0
79,GBL_Spear,15,3,1,2,418.4046,0,2,1,2,10.104313,0,0,582.0
80,Alo_Ayoh,12,0,1,1,120.927216,0,1,0,0,0.0,0,0,560.0
81,Alo_Joy,12,0,0,2,0.0,0,0,0,0,0.0,0,0,546.0
82,Alo_ha,12,0,1,0,60.61175,1,1,1,1,190.28824,0,0,541.0
83,Alo_Minsung,12,2,0,2,336.05304,2,6,2,3,174.63875,0,0,684.0
84,GRF_mick9y,11,0,0,0,0.0,0,0,0,0,0.0,0,0,604.0
85,GRF_Foxy,11,0,0,0,76.09286,0,0,0,0,0.0,0,0,602.0
86,GRF_2heart,11,0,0,3,0.0,0,0,0,0,0.0,0,0,538.0
87,GRF_Menteul,11,2,1,4,191.59995,0,2,1,1,12.438599,0,0,895.0
88,GEN_Inonix,7,0,0,0,0.0,0,0,0,0,0.0,0,0,488.0
89,GEN_Esther,7,1,0,2,76.0,0,0,1,1,8.04076,0,0,1231.0
90,GEN_Pio,7,0,0,0,0.0,0,0,0,0,0.0,0,0,704.0
91,GEN_Asura,7,0,0,3,116.39875,0,1,0,0,0.0,0,0,1298.0
92,WKD_AKaN,9,0,0,4,0.0,1,0,1,1,246.0272,0,0,998.0
93,WKD_Psychopathy,9,0,0,3,0.0,0,0,0,0,0.0,0,0,723.0
94,WKD_HelleN,9,1,0,4,119.73598,1,4,2,3,274.4576,0,0,1063.0
95,WKD_Damin,9,1,0,4,99.99999,0,2,1,1,19.627201,0,0,870.0
96,emT_Hwarang,4,0,0,12,280.59082,0,1,0,0,0.0,0,0,1893.0
97,emT_Salvia,4,0,1,3,125.799995,1,1,1,1,7.2105975,0,0,995.0
98,emT_Gyuyeon,4,2,0,8,404.6116,0,1,1,4,112.04672,1,0,1893.0
99,emT_JeffLocka,4,1,0,4,119.8,1,0,1,1,76.6144,0,0,848.0
100,DK_Loki,1,2,2,4,423.8093,1,2,2,4,365.26578,0,0,1908.54
101,DK_Under,1,1,2,6,433.91446,0,1,1,2,54.037033,0,0,1908.54
102,DK_Makne,1,0,4,4,291.3046,0,2,1,1,24.179102,0,0,1908.54
103,DK_SiIky,1,1,1,4,349.21497,2,3,1,2,11.613867,0,0,1908.54
104,V7_2star,16,1,0,2,0.0,0,1,0,0,0.0,2,0,466.0
105,V7_TaekGyun,16,1,0,2,148.0,0,1,1,1,2.0015206,0,0,466.0
106,V7_SeungYong,16,0,0,1,99.138,0,1,0,0,0.0,0,0,457.0
107,V7_Heat,16,1,1,0,135.28,0,0,0,0,0.0,0,0,421.0
108,MaD_EEND,5,3,1,4,581.5704,1,4,1,2,24.885557,0,0,1632.0
109,MaD_2tap,5,0,1,8,55.382607,0,7,0,0,0.0,1,0,1601.0
110,MaD_DAEVA,5,2,1,6,244.00713,0,0,1,1,13.249186,0,0,1181.0
111,MaD_Lash,5,1,0,0,100.0,0,0,0,0,0.0,0,0,792.0
112,FSG_Seongjang,2,1,0,2,139.6,0,1,1,1,56.435658,0,0,717.0
113,FSG_DG98,2,3,1,8,307.75473,1,19,1,3,156.1486,0,0,1909.0
114,FSG_blackwalk,2,1,1,7,535.95197,1,8,1,2,171.43645,0,0,1909.0
115,FSG_Black9,2,1,0,4,125.881836,0,0,1,1,14.365652,0,0,799.0
116,GnG_Dlaks,8,0,1,2,288.2365,1,3,1,1,14.950406,1,0,1088.0
117,GnG_VenTus,8,1,1,3,100.00001,0,1,0,0,0.0,0,0,781.0
118,GnG_siege,8,0,0,2,75.435,0,1,0,0,0.0,1,0,794.0
119,GnG_xikk,8,2,2,9,157.27054,0,4,0,0,0.0,0,0,1097.0
120,ATA_Shadow,14,1,0,0,156.4,0,0,0,0,0.0,0,0,644.0
121,ATA_Rain1ng,14,0,0,0,0.0,0,0,0,0,0.0,0,0,578.0
122,ATA_maczora,14,0,0,1,63.77255,0,0,0,0,0.0,0,0,594.0
123,ATA_Sparrow,14,0,0,0,0.0,0,0,0,0,0.0,0,0,127.0
124,AF_EJ,10,0,0,0,121.745544,0,0,0,0,0.0,0,0,681.0
125,AF_Akad,10,1,2,0,164.68001,0,0,0,0,0.0,0,0,601.0
126,AF_Hansia,10,3,0,2,301.0,1,0,1,3,95.49776,0,0,996.0
127,AF_Hikari,10,1,1,0,144.13503,0,0,0,0,0.0,0,0,608.0
128,GBL_Spear,6,2,0,8,324.0503,0,2,2,2,33.84567,0,0,1523.0
129,GBL_Lambu,6,0,0,3,63.170067,0,0,0,0,0.0,0,0,1453.0
130,GBL_Adder,6,0,0,1,69.641975,0,1,1,1,30.401474,1,0,1518.0
131,GBL_Renba,6,1,0,6,244.41922,0,4,1,1,26.745394,0,0,1519.0
132,DK_Makne,2,4,0,9,420.6359,0,5,1,3,85.0085,1,0,1912.0
133,DK_Under,2,2,0,2,257.7079,1,2,1,3,186.70477,0,0,1912.0
134,DK_Loki,2,1,3,5,491.34756,0,8,1,2,61.81839,0,0,1912.0
135,DK_SiIky,2,0,0,2,0.0,0,0,0,0,0.0,0,0,880.0
136,V7_2star,14,0,0,1,0.0,0,6,0,0,0.0,0,0,457.0
137,V7_Heat,14,0,0,3,4.0287714,0,5,0,0,0.0,0,0,474.0
138,V7_TaekGyun,14,2,2,3,409.41946,0,10,1,2,27.89881,2,0,656.0
139,V7_SeungYong,14,6,0,1,509.57275,0,9,2,4,16.681093,1,0,652.0
140,DNW_YJ,3,1,1,7,365.75262,3,7,1,3,76.57688,0,0,1640.0
141,DNW_LeClo,3,0,1,9,154.38612,0,0,0,0,0.0,0,0,1625.0
142,DNW_Salute,3,3,1,6,248.49643,1,1,1,2,36.490562,0,0,1636.0
143,DNW_seoul,3,2,0,11,187.38683,0,0,2,3,83.977615,0,1,1616.0
144,emT_Gyuyeon,5,1,1,2,198.13779,0,2,2,2,60.100967,0,0,1550.0
145,emT_JeffLocka,5,0,3,3,362.33075,0,3,1,1,38.512318,0,0,1550.0
146,emT_Salvia,5,2,1,9,188.4134,1,0,1,2,302.82837,0,0,1501.0
147,emT_Hwarang,5,2,2,7,300.85425,0,1,1,1,163.11516,1,0,1502.0
148,WKD_Psychopathy,12,0,0,0,0.0,0,0,0,0,0.0,0,0,525.0
149,WKD_Damin,12,0,0,1,0.0,0,0,0,0,0.0,0,0,600.0
150,WKD_AKaN,12,1,0,3,95.399956,0,1,1,1,19.126198,0,0,948.0
151,WKD_HelleN,12,0,0,0,0.0,0,0,0,0,0.0,0,0,420.0
152,GEN_Esther,7,0,0,2,63.706932,0,1,1,1,321.7254,0,0,1504.0
153,GEN_Asura,7,1,0,6,183.35625,0,2,2,2,21.53248,0,0,1504.0
154,GEN_Inonix,7,2,0,5,58.020584,0,1,2,2,55.233047,0,0,1504.0
155,GEN_Pio,7,1,0,2,100.0,0,1,1,1,251.9881,0,0,780.0
156,FSG_blackwalk,8,3,0,6,320.98807,0,7,1,3,49.017418,0,0,1212.0
157,FSG_DG98,8,0,1,5,184.11957,0,18,1,1,221.15564,0,0,1102.0
158,FSG_Black9,8,1,2,2,326.54254,1,0,1,1,18.336988,0,0,751.0
159,FSG_Seongjang,8,0,1,0,29.609999,0,0,0,0,0.0,0,0,553.0
160,T1_Hwan2da,11,1,0,3,139.39998,0,0,1,1,41.46225,1,0,947.0
161,T1_Aqua5,11,0,0,0,62.59543,0,0,0,0,0.0,0,0,1007.0
162,T1_Hulk,11,0,0,1,175.60187,0,0,0,0,0.0,0,0,1011.0
163,T1_Daengchae,11,0,0,3,0.0,0,3,0,0,0.0,0,0,946.0
164,OPGG_HowL,16,1,0,4,155.68329,0,1,1,1,79.65493,0,0,605.0
165,OPGG_WICK2D,16,0,0,1,0.0,0,3,0,0,0.0,0,0,580.0
166,OPGG_Gak,16,0,0,0,29.247276,0,0,0,0,0.0,0,0,299.0
167,OPGG_yacha,16,0,0,0,0.0,0,0,0,0,0.0,0,0,298.0
168,GRF_mick9y,10,0,0,6,0.0,0,4,0,0,0.0,0,0,1059.0
169,GRF_Foxy,10,0,0,6,0.0,0,3,0,0,0.0,0,0,1067.0
170,GRF_2heart,10,0,0,4,92.58942,0,5,0,0,0.0,0,0,1067.0
171,GRF_Menteul,10,1,0,4,79.2,0,0,0,0,0.0,0,0,853.0
172,MaD_EEND,1,0,0,0,95.51283,0,0,0,0,0.0,0,0,1138.0
173,MaD_Lash,1,1,3,9,404.7149,0,2,1,1,44.084843,0,0,1911.617
174,MaD_2tap,1,1,0,5,185.8701,0,1,1,1,66.01951,0,0,1900.0
175,MaD_DAEVA,1,3,0,6,348.87357,1,2,2,3,77.501495,1,0,1911.617
176,AF_Akad,9,0,2,8,235.54382,0,18,0,0,0.0,0,0,1161.0
177,AF_Hansia,9,0,0,0,48.321,0,0,0,0,0.0,0,0,147.0
178,AF_EJ,9,0,0,0,0.0,0,0,0,0,0.0,0,0,185.0
179,AF_Hikari,9,2,0,3,272.01505,0,10,1,3,18.064054,1,0,829.0
180,GnG_VenTus,4,3,0,9,396.22186,2,4,1,2,59.10938,0,0,1594.0
181,GnG_siege,4,0,0,0,24.391003,0,0,0,0,0.0,0,0,767.0
182,GnG_Dlaks,4,0,0,6,188.3175,0,5,0,0,0.0,0,0,1605.0
183,GnG_xikk,4,0,1,0,31.02,0,0,0,0,0.0,0,0,732.0
184,Alo_Joy,15,2,0,2,149.80905,0,0,1,1,105.52891,0,0,534.0
185,Alo_Minsung,15,2,0,2,154.79095,0,6,1,1,97.82826,1,0,653.0
186,Alo_Ayoh,15,2,0,1,175.0,0,0,1,1,11.262455,1,0,653.0
187,Alo_ha,15,0,0,4,0.0,0,2,0,0,0.0,0,0,653.0
188,ATA_Sparrow,13,0,0,3,30.391542,0,0,0,0,0.0,0,0,888.0
189,ATA_Rain1ng,13,1,0,2,97.0,1,0,1,1,69.204414,0,0,881.0
190,ATA_Shadow,13,0,0,3,125.981,0,0,0,0,0.0,0,0,888.0
191,ATA_maczora,13,0,0,2,13.566001,0,1,0,0,0.0,0,0,774.0
192,DK_Under,5,1,1,3,409.9371,1,3,2,2,19.320393,0,0,1486.0
193,DK_SiIky,5,0,1,1,235.75694,1,2,1,2,88.55801,0,0,1473.0
194,DK_Makne,5,2,1,8,303.77228,2,4,2,3,86.486084,0,0,1512.0
195,DK_Loki,5,1,1,1,207.275,1,0,1,1,354.0872,0,0,1258.0
196,DNW_YJ,12,0,0,1,39.10872,0,0,1,1,40.737232,0,0,1014.0
197,DNW_seoul,12,1,0,3,248.5281,1,0,1,1,5.640604,0,0,1021.0
198,DNW_Salute,12,1,1,5,154.03581,0,1,1,1,15.756412,0,0,1016.0
199,DNW_LeClo,12,0,0,3,42.68212,0,0,0,0,0.0,0,0,1017.0
200,ATA_maczora,16,1,0,0,135.94283,0,0,0,0,0.0,0,0,672.0
201,ATA_Rain1ng,16,0,0,1,101.327805,0,0,0,0,0.0,0,0,672.0
202,ATA_Sparrow,16,0,0,0,0.0,0,0,0,0,0.0,0,0,672.0
203,ATA_Shadow,16,0,0,0,0.0,0,0,0,0,0.0,0,0,667.0
204,GEN_Inonix,13,3,2,2,435.71997,0,3,1,1,53.869366,0,0,1003.0
205,GEN_Pio,13,0,0,1,0.0,0,0,0,0,0.0,0,0,431.0
206,GEN_Esther,13,1,0,2,84.71101,0,1,1,1,8.69845,0,0,999.0
207,GEN_Asura,13,0,0,3,0.0,0,1,0,0,0.0,0,0,957.0
208,Alo_ha,11,1,0,6,122.325,1,12,1,1,350.36523,0,0,1121.0
209,Alo_Ayoh,11,1,0,5,89.74582,0,20,1,1,93.243126,0,0,1121.0
210,Alo_Minsung,11,1,1,5,100.0,1,5,1,1,5.786976,0,0,1120.0
211,Alo_Joy,11,0,0,6,0.0,0,5,0,0,0.0,0,0,1034.0
212,GnG_VenTus,14,0,1,3,91.08,0,0,0,0,0.0,0,0,679.0
213,GnG_siege,14,1,2,0,254.76999,0,2,1,1,9.713273,0,0,727.0
214,GnG_xikk,14,2,1,6,99.9326,0,1,2,3,26.800043,0,0,939.0
215,GnG_Dlaks,14,0,0,0,18.0,0,0,0,0,0.0,0,0,675.0
216,MaD_2tap,10,1,0,1,218.0,0,1,1,2,54.08181,0,0,988.0
217,MaD_DAEVA,10,0,0,2,0.0,0,1,2,2,12.754753,0,0,1129.0
218,MaD_Lash,10,1,2,1,72.43573,0,0,0,0,0.0,0,0,1132.0
219,MaD_EEND,10,1,0,1,111.04001,0,1,2,2,96.84465,1,0,1138.0
220,GRF_2heart,3,3,0,6,320.02435,2,0,2,4,135.55858,1,0,1622.0
221,GRF_Menteul,3,0,1,3,196.71457,0,1,1,1,17.564411,0,0,1622.0
222,GRF_Foxy,3,1,0,4,215.84213,0,1,1,1,32.52098,0,0,1630.0
223,GRF_mick9y,3,1,0,1,139.42,0,0,0,0,0.0,0,0,1630.0
224,AF_Hikari,9,0,0,4,239.53069,0,3,0,0,0.0,0,0,1289.0
225,AF_EJ,9,1,0,8,200.63646,0,0,0,0,0.0,0,0,1288.0
226,AF_Akad,9,0,0,4,111.218414,0,1,0,0,0.0,0,0,1285.0
227,AF_Hansia,9,0,0,5,61.377617,0,0,0,0,0.0,0,0,1289.0
228,WKD_AKaN,6,1,1,7,202.7125,0,2,0,0,0.0,0,0,1487.0
229,WKD_Psychopathy,6,0,1,8,84.14705,0,1,0,0,0.0,0,0,1264.0
230,WKD_HelleN,6,0,0,1,139.8,0,0,0,0,0.0,0,0,436.0
231,WKD_Damin,6,2,0,8,166.08778,1,3,1,2,43.019566,0,0,1472.0
232,OPGG_HowL,2,1,2,13,89.66201,0,3,1,1,24.142614,0,0,1944.0
233,OPGG_Gak,2,0,1,11,108.31348,0,0,0,0,0.0,1,0,1938.0
234,OPGG_yacha,2,2,0,4,244.19391,0,3,1,2,83.13306,1,0,1944.0
235,OPGG_WICK2D,2,3,1,3,369.37555,2,1,2,3,24.145447,0,0,630.0
236,emT_Salvia,15,0,1,2,120.7536,0,1,0,0,0.0,0,0,711.0
237,emT_Hwarang,15,2,0,0,215.24399,1,0,1,2,4.0821066,0,0,728.0
238,emT_Gyuyeon,15,1,0,1,100.0,0,1,1,1,16.287022,0,0,710.0
239,emT_JeffLocka,15,0,0,0,24.42825,0,0,0,0,0.0,0,0,684.0
240,GBL_Lambu,1,2,0,5,407.3725,1,1,2,4,127.21386,0,0,1942.004
241,GBL_Spear,1,0,1,9,150.32535,0,2,1,1,134.36665,0,0,1942.0
242,GBL_Renba,1,0,0,0,0.0,0,0,0,0,0.0,0,0,498.0
243,GBL_Adder,1,2,1,5,228.13826,1,2,2,3,227.27988,0,0,1942.004
244,V7_SeungYong,4,0,0,3,0.0,0,5,0,0,0.0,0,0,846.0
245,V7_Heat,4,0,0,6,21.6,0,5,0,0,0.0,0,0,1580.0
246,V7_2star,4,1,0,5,161.33499,0,7,0,0,0.0,0,0,1589.0
247,V7_TaekGyun,4,0,0,2,0.0,0,3,0,0,0.0,0,0,1461.0
248,FSG_Seongjang,7,0,0,3,24.42825,0,8,0,0,0.0,0,0,1079.0
249,FSG_Black9,7,0,1,6,118.67607,0,2,0,0,0.0,0,0,1061.0
250,FSG_blackwalk,7,3,2,8,359.39865,0,12,1,2,86.00259,0,0,1460.0
251,FSG_DG98,7,2,0,5,205.07669,1,3,1,2,270.62375,0,0,1159.0
252,T1_Aqua5,8,0,0,1,106.115074,0,0,1,1,9.722987,2,0,1078.0
253,T1_Hwan2da,8,0,1,0,57.3825,0,1,0,0,0.0,0,0,859.0
254,T1_Daengchae,8,3,1,3,408.10995,0,2,2,2,51.454258,0,0,1331.0
255,T1_Hulk,8,0,1,6,210.77257,1,4,1,1,122.25278,0,0,1330.0
256,Alo_Joy,10,1,0,4,188.67245,0,1,0,0,0.0,0,0,1112.0
257,Alo_ha,10,0,0,2,27.904112,0,1,0,0,0.0,0,0,1024.0
258,Alo_Minsung,10,1,0,0,100.0,0,0,1,1,10.306167,2,0,1035.0
259,Alo_Ayoh,10,1,0,1,257.64746,1,3,1,1,83.13971,0,0,1087.0
260,MaD_EEND,4,2,1,5,399.8275,1,7,1,2,30.676292,0,0,1276.0
261,MaD_2tap,4,0,2,6,252.05302,0,11,0,0,0.0,0,0,1251.0
262,MaD_DAEVA,4,1,1,6,230.55237,1,9,1,1,53.593258,1,0,1521.0
263,MaD_Lash,4,3,0,3,312.414,1,11,1,3,56.28215,0,0,1254.0
264,AF_Hansia,3,1,2,3,245.25992,0,3,1,1,26.232128,1,0,1466.0
265,AF_EJ,3,2,1,7,442.22693,1,8,1,1,225.9633,2,0,1669.0
266,AF_Hikari,3,4,2,7,594.42706,0,3,1,5,174.51048,0,0,1473.0
267,AF_Akad,3,3,1,3,343.85428,2,2,2,3,111.77619,0,0,1474.0
268,ATA_Sparrow,16,0,0,0,0.0,0,0,0,0,0.0,0,0,134.0
269,ATA_Rain1ng,16,1,0,0,100.0,0,0,0,0,0.0,0,0,134.0
270,ATA_maczora,16,0,0,0,63.483055,0,0,0,0,0.0,0,0,134.0
271,ATA_Shadow,16,1,0,0,100.0,0,0,0,0,0.0,0,0,134.0
272,V7_TaekGyun,14,0,0,0,142.0,0,0,1,1,4.631916,1,0,439.0
273,V7_SeungYong,14,0,0,2,88.439995,0,1,0,0,0.0,0,0,541.0
274,V7_Heat,14,3,0,1,305.082,0,4,3,3,7.9571104,1,0,395.0
275,V7_2star,14,2,1,1,227.31801,0,1,1,2,52.335117,1,0,440.0
276,GnG_xikk,12,0,0,0,29.259998,0,0,0,0,0.0,0,0,283.0
277,GnG_Dlaks,12,2,2,3,189.77681,1,2,1,1,18.108597,0,0,804.0
278,GnG_VenTus,12,2,1,1,200.0,0,7,1,1,29.86595,0,0,411.0
279,GnG_siege,12,1,0,1,206.40318,0,1,1,2,42.251633,0,0,546.0
280,DK_Under,8,2,0,1,204.3408,0,2,1,3,256.0737,0,0,1254.0
281,DK_Loki,8,0,0,0,28.514729,0,0,0,0,0.0,0,0,1046.0
282,DK_Makne,8,1,0,0,100.0,0,0,0,0,0.0,0,0,546.0
283,DK_SiIky,8,1,0,0,100.0,0,0,0,0,0.0,0,0,1249.0
284,GBL_Adder,1,0,1,4,107.53425,0,12,0,0,0.0,0,0,1744.249
285,GBL_Renba,1,4,0,6,770.1556,1,2,3,5,100.5157,1,0,1744.249
286,GBL_Lambu,1,0,0,0,0.0,0,0,0,0,0.0,0,0,188.0
287,GBL_Spear,1,0,1,8,302.87854,1,13,1,1,142.68274,1,0,1744.249
288,T1_Hulk,9,1,1,3,209.24521,0,0,1,1,54.54524,0,0,1200.0
289,T1_Hwan2da,9,0,0,3,29.8825,0,1,1,1,109.435555,1,0,1161.0
290,T1_Aqua5,9,0,1,3,41.21781,0,1,0,0,0.0,0,0,1200.0
291,T1_Daengchae,9,1,1,3,156.2723,1,2,1,1,44.318497,0,0,1200.0
292,emT_JeffLocka,5,0,0,2,206.86838,0,0,0,0,0.0,0,0,1143.0
293,emT_Salvia,5,0,0,6,139.65636,0,1,0,0,0.0,0,0,1354.0
294,emT_Hwarang,5,0,0,4,206.99858,0,0,0,0,0.0,0,0,1359.0
295,emT_Gyuyeon,5,0,0,3,121.032295,0,0,0,0,0.0,0,0,1353.0
296,DNW_Salute,6,0,0,7,134.06561,0,4,0,0,0.0,0,0,1338.0
297,DNW_seoul,6,1,1,6,158.822,0,0,0,0,0.0,0,0,1223.0
298,DNW_YJ,6,2,0,4,194.15465,1,2,1,3,84.38641,1,0,1338.0
299,DNW_LeClo,6,1,1,10,297.74744,1,2,1,1,42.98604,0,0,1338.0
300,OPGG_WICK2D,15,0,0,0,0.0,0,0,0,0,0.0,0,0,427.0
301,OPGG_yacha,15,1,0,0,63.708122,0,0,0,0,0.0,0,0,423.0
302,OPGG_Gak,15,0,0,1,0.0,0,0,0,0,0.0,0,0,428.0
303,OPGG_HowL,15,0,0,1,59.219997,0,0,0,0,0.0,0,0,430.0
304,FSG_blackwalk,7,1,1,4,47.711506,0,1,1,1,266.68845,0,0,1310.0
305,FSG_Seongjang,7,0,1,0,62.039997,0,0,0,0,0.0,0,0,698.0
306,FSG_DG98,7,1,0,1,201.95549,0,0,1,2,356.7953,0,0,1310.0
307,FSG_Black9,7,1,1,4,233.74792,0,2,1,1,80.90279,0,0,671.0
308,GEN_Esther,2,0,3,8,319.50354,0,5,1,2,131.60548,0,0,1743.0
309,GEN_Asura,2,0,0,1,0.0,0,0,0,0,0.0,0,0,582.0
310,GEN_Inonix,2,5,2,6,692.5993,2,2,2,5,104.17622,2,0,1427.0
311,GEN_Pio,2,3,0,6,583.05023,1,4,3,4,395.52048,0,0,1576.0
312,WKD_Psychopathy,13,0,0,0,38.650684,0,0,0,0,0.0,0,0,509.0
313,WKD_Damin,13,0,0,0,88.60381,0,0,0,0,0.0,0,0,392.0
314,WKD_HelleN,13,0,0,0,59.219997,0,0,0,0,0.0,0,0,506.0
315,WKD_AKaN,13,2,0,3,200.0,0,1,1,2,32.338146,0,0,590.0
316,GRF_Foxy,11,1,0,2,220.30246,0,0,0,0,0.0,0,0,982.0
317,GRF_mick9y,11,1,0,3,249.67851,0,0,0,0,0.0,0,0,982.0
318,GRF_Menteul,11,0,0,1,0.0,0,0,0,0,0.0,0,0,360.0
319,GRF_2heart,11,0,0,4,65.34,0,1,0,0,0.0,0,0,956.0
320,FSG_blackwalk,9,0,0,2,26.4,0,1,0,0,0.0,0,0,552.0
321,FSG_DG98,9,0,0,1,0.0,0,0,0,0,0.0,0,0,433.0
322,FSG_Seongjang,9,1,0,8,90.508575,0,23,1,1,382.75876,0,0,1173.0
323,FSG_Black9,9,0,0,7,51.243206,0,13,0,0,0.0,0,0,1072.0
324,GnG_xikk,10,2,2,6,176.41943,0,1,0,0,0.0,1,0,1146.0
325,GnG_siege,10,1,0,4,92.399994,0,1,0,0,0.0,0,0,964.0
326,GnG_VenTus,10,0,1,7,86.20798,0,4,0,0,0.0,0,0,1103.0
327,GnG_Dlaks,10,1,0,8,143.30382,0,2,1,1,44.27529,0,0,1167.0
328,GBL_Renba,3,1,0,4,426.73795,0,11,1,1,6.3112,0,0,1670.0
329,GBL_Adder,3,1,1,4,315.76456,1,2,1,1,2.007781,0,0,1706.0
330,GBL_Spear,3,0,1,5,76.562836,0,1,0,0,0.0,0,0,1678.0
331,GBL_Lambu,3,1,0,3,402.8247,0,4,1,3,312.6236,2,0,1706.0
332,OPGG_WICK2D,8,0,0,2,0.0,0,3,0,0,0.0,0,0,846.0
333,OPGG_yacha,8,3,1,4,243.5344,0,2,1,2,28.719275,0,0,1189.0
334,OPGG_Gak,8,1,0,2,44.415,0,1,0,0,0.0,0,1,864.0
335,OPGG_HowL,8,0,0,2,0.0,0,0,0,0,0.0,0,0,866.0
336,Alo_Joy,6,0,0,6,44.47056,0,5,0,0,0.0,0,0,1652.0
337,Alo_ha,6,0,0,6,83.1382,0,0,0,0,0.0,0,0,1664.0
338,Alo_Ayoh,6,0,0,4,0.0,0,3,0,0,0.0,0,0,1637.0
339,Alo_Minsung,6,2,0,4,296.33914,0,7,1,2,249.84422,0,0,1672.0
340,ATA_maczora,7,1,0,7,298.43692,1,5,2,3,96.193924,2,0,1231.0
341,ATA_Sparrow,7,0,0,5,84.49578,0,3,0,0,0.0,0,0,1425.0
342,ATA_Rain1ng,7,4,1,4,773.813,0,4,1,5,193.0773,0,0,1429.0
343,ATA_Shadow,7,0,1,5,214.96387,0,2,0,0,0.0,1,0,1429.0
344,DK_Under,14,0,0,2,37.66259,0,0,0,0,0.0,0,0,1068.0
345,DK_Makne,14,0,0,2,0.0,0,0,0,0,0.0,0,0,930.0
346,DK_SiIky,14,0,0,4,29.0,0,3,1,1,50.206493,0,0,1074.0
347,DK_Loki,14,0,0,0,0.0,0,0,0,0,0.0,0,0,820.0
348,GRF_2heart,5,1,0,8,321.31427,0,1,1,1,88.421455,0,0,1704.0
349,GRF_Foxy,5,0,0,2,18.9,0,0,0,0,0.0,0,0,572.0
350,GRF_Menteul,5,2,0,4,284.7614,3,2,2,4,25.098679,0,0,1231.0
351,GRF_mick9y,5,0,0,0,74.4,0,0,0,0,0.0,0,0,587.0
352,MaD_Lash,4,2,0,5,350.19833,0,2,1,2,29.168432,0,0,1705.0
353,MaD_DAEVA,4,1,1,3,336.7571,0,0,1,1,16.209679,0,0,1666.0
354,MaD_2tap,4,0,0,5,112.06084,0,3,0,0,0.0,0,0,1634.0
355,MaD_EEND,4,2,0,2,266.35934,1,2,2,2,53.714394,0,0,1663.0
356,V7_Heat,11,0,0,1,0.0,0,0,0,0,0.0,0,0,672.0
357,V7_TaekGyun,11,1,0,4,101.17172,0,11,1,1,97.107834,0,0,1161.0
358,V7_SeungYong,11,0,0,3,0.0,0,0,0,0,0.0,0,0,672.0
359,V7_2star,11,0,1,3,66.07458,0,6,0,0,0.0,0,0,1098.0
360,T1_Daengchae,15,0,1,3,80.4,0,0,0,0,0.0,0,0,1004.0
361,T1_Hwan2da,15,2,1,3,228.96234,1,6,1,1,27.9946,0,0,1070.0
362,T1_Aqua5,15,1,0,1,133.89288,0,0,1,1,19.6818,0,0,790.0
363,T1_Hulk,15,4,0,3,326.74277,1,7,2,4,53.00581,1,0,1070.0
364,AF_Hikari,13,0,2,2,213.08968,0,1,0,0,0.0,0,0,836.0
365,AF_Hansia,13,1,0,2,118.14872,1,0,1,1,38.044273,1,0,814.0
366,AF_EJ,13,1,0,1,167.31999,0,0,1,1,305.41507,0,0,833.0
367,AF_Akad,13,3,0,3,192.2299,2,5,1,2,81.001114,0,0,1075.0
368,GEN_Esther,1,1,2,6,287.99927,0,1,2,2,82.32701,1,0,1754.318
369,GEN_Asura,1,1,0,4,233.11206,1,4,1,1,219.78186,0,0,1420.0
370,GEN_Inonix,1,1,1,5,354.72244,1,1,1,3,86.91782,0,0,1739.0
371,GEN_Pio,1,3,1,9,758.40405,0,12,1,3,42.184464,0,0,1754.318
372,DNW_seoul,12,1,0,5,242.26128,0,2,1,1,474.38696,0,0,1063.0
373,DNW_YJ,12,0,0,3,34.849648,0,5,0,0,0.0,0,0,984.0
374,DNW_LeClo,12,2,0,2,363.44012,2,1,1,2,112.18614,0,0,1088.0
375,DNW_Salute,12,1,0,5,282.19962,1,2,1,1,43.167313,0,0,1160.0
376,WKD_AKaN,16,0,0,0,19.8,0,0,0,0,0.0,1,0,388.0
377,WKD_Psychopathy,16,0,0,0,56.399998,0,0,0,0,0.0,0,0,388.0
378,WKD_Damin,16,0,0,1,0.0,0,1,0,0,0.0,0,0,388.0
379,WKD_HelleN,16,2,0,1,241.46802,0,1,0,0,0.0,0,0,374.0
380,emT_JeffLocka,2,2,0,5,610.6476,1,1,1,2,56.628223,0,0,1756.0
381,emT_Salvia,2,0,0,4,0.0,0,1,0,0,0.0,0,0,1001.0
382,emT_Hwarang,2,0,0,2,0.0,0,1,0,0,0.0,0,0,1022.0
383,emT_Gyuyeon,2,0,0,0,25.955126,0,1,0,0,0.0,0,0,1036.0
384,GRF_Menteul,14,2,0,2,71.20257,0,0,0,0,0.0,0,0,782.0
385,GRF_mick9y,14,1,0,0,97.4713,0,0,0,0,0.0,0,0,803.0
386,GRF_2heart,14,1,0,1,157.76965,0,0,0,0,0.0,0,0,953.0
387,GRF_Foxy,14,0,0,1,99.906815,0,0,0,0,0.0,0,0,752.0
388,GEN_Esther,15,2,1,1,150.02913,0,1,1,2,59.30922,0,0,867.0
389,GEN_Asura,15,1,1,3,260.3323,1,2,1,1,23.04405,1,0,897.0
390,GEN_Pio,15,1,0,3,179.12799,1,0,1,2,36.049553,1,0,890.0
391,GEN_Inonix,15,2,0,4,281.63364,1,1,2,3,37.59013,0,0,897.0
392,T1_Hulk,4,0,0,0,0.0,0,0,0,0,0.0,0,0,989.0
393,T1_Daengchae,4,1,0,1,139.58777,0,0,2,2,39.511692,1,0,1445.0
394,T1_Hwan2da,4,0,0,0,20.18352,0,0,0,0,0.0,0,0,998.0
395,T1_Aqua5,4,3,2,1,351.7015,1,1,1,2,240.7467,0,0,1086.0
396,GBL_Adder,10,1,1,0,181.84,0,0,0,0,0.0,1,0,881.0
397,GBL_Renba,10,0,1,5,378.19327,0,2,1,1,2.6459708,0,0,1040.0
398,GBL_Spear,10,1,0,3,75.0,1,1,1,1,48.415512,0,0,975.0
399,GBL_Lambu,10,0,0,0,0.0,0,0,0,0,0.0,0,0,445.0
400,V7_SeungYong,5,1,0,0,100.0,1,0,1,1,112.641975,0,0,1195.0
401,V7_2star,5,1,1,3,68.24983,0,1,1,1,9.386491,1,0,1180.0
402,V7_TaekGyun,5,1,1,4,234.59845,0,2,2,2,38.14441,0,0,1170.0
403,V7_Heat,5,1,2,3,323.35773,0,9,1,2,13.839435,1,0,1256.0
404,FSG_Seongjang,1,1,2,7,268.0513,0,5,1,1,118.11429,0,0,1823.988
405,FSG_blackwalk,1,1,1,2,197.84009,0,1,1,2,147.80121,0,0,1823.988
406,FSG_DG98,1,0,2,6,230.5565,1,5,1,1,100.81246,0,0,1823.988
407,FSG_Black9,1,3,0,4,465.47763,1,3,2,4,163.50569,1,0,1761.0
408,GnG_Dlaks,12,2,0,2,78.733604,0,1,1,2,235.12846,0,0,915.0
409,GnG_siege,12,0,1,0,65.203064,0,1,0,0,0.0,0,0,903.0
410,GnG_VenTus,12,2,0,6,156.06554,0,2,1,1,13.097451,0,0,997.0
411,GnG_xikk,12,0,0,5,19.514664,0,4,0,0,0.0,1,0,919.0
412,DNW_LeClo,9,0,1,5,241.99817,0,0,0,0,0.0,0,0,903.0
413,DNW_seoul,9,0,0,1,0.0,0,0,0,0,0.0,0,0,304.0
414,DNW_Salute,9,2,0,3,225.66316,0,0,1,2,18.145515,0,0,1058.0
415,DNW_YJ,9,3,0,0,295.7634,2,0,1,3,292.1959,0,0,1058.0
416,WKD_AKaN,7,0,0,2,0.0,0,0,0,0,0.0,0,0,829.0
417,WKD_Damin,7,1,0,2,111.97897,0,0,0,0,0.0,0,0,1082.0
418,WKD_Psychopathy,7,2,0,5,380.69263,0,0,1,1,4.189375,0,0,1147.0
419,WKD_HelleN,7,0,0,1,127.70859,0,0,0,0,0.0,0,0,954.0
420,ATA_Sparrow,11,0,0,3,0.0,0,1,0,0,0.0,0,0,975.0
421,ATA_Shadow,11,2,0,4,248.29703,2,2,2,3,55.379326,1,0,1027.0
422,ATA_maczora,11,2,0,0,182.28009,1,1,1,3,173.7244,0,0,1027.0
423,ATA_Rain1ng,11,1,0,3,120.06027,0,0,1,1,53.643627,0,0,1027.0
424,emT_Salvia,16,0,0,0,0.0,0,0,0,0,0.0,0,0,528.0
425,emT_JeffLocka,16,0,0,1,0.0,0,0,0,0,0.0,0,0,528.0
426,emT_Hwarang,16,0,0,0,0.0,0,0,0,0,0.0,0,0,528.0
427,emT_Gyuyeon,16,0,0,0,0.0,0,0,0,0,0.0,0,0,528.0
428,Alo_Ayoh,3,1,0,3,140.0,0,1,1,2,29.765903,0,0,1461.0
429,Alo_Joy,3,0,0,0,31.641396,0,0,0,0,0.0,0,0,1245.0
430,Alo_Minsung,3,0,0,4,0.0,0,0,0,0,0.0,0,0,1473.0
431,Alo_ha,3,0,0,1,153.61827,0,0,0,0,0.0,0,0,1473.0
432,MaD_Lash,2,0,1,7,138.0712,0,3,0,0,0.0,0,0,1824.0
433,MaD_2tap,2,0,0,3,243.9401,0,5,0,0,0.0,0,0,1824.0
434,MaD_DAEVA,2,2,0,3,224.79161,0,4,1,1,119.97398,0,0,1824.0
435,MaD_EEND,2,2,0,1,421.33884,0,1,1,3,77.178696,0,0,1579.0
436,DK_Makne,6,0,0,3,39.79323,0,0,0,0,0.0,0,0,844.0
437,DK_Loki,6,1,0,3,307.0964,2,3,1,2,47.121178,0,0,1194.0
438,DK_SiIky,6,0,0,0,0.0,0,0,0,0,0.0,0,0,789.0
439,DK_Under,6,0,0,1,53.073315,0,1,0,0,0.0,0,0,873.0
440,OPGG_WICK2D,13,1,1,3,283.83453,0,1,1,1,107.06439,0,0,975.0
441,OPGG_HowL,13,1,1,5,70.154366,0,0,1,1,68.222115,0,0,975.0
442,OPGG_yacha,13,0,0,0,0.0,0,0,0,0,0.0,0,0,701.0
443,OPGG_Gak,13,0,0,1,0.0,0,0,0,0,0.0,0,0,635.0
444,AF_Hansia,8,2,0,2,203.0,0,0,1,2,213.8868,0,0,661.0
445,AF_Hikari,8,1,1,5,321.62,0,3,1,2,8.672881,1,0,1139.0
446,AF_Akad,8,1,0,1,58.199997,0,0,1,1,302.6423,0,0,948.0
447,AF_EJ,8,2,2,1,79.17999,0,1,1,1,7.312981,0,0,1057.0
448,DNW_Salute,13,0,0,1,0.0,0,0,0,0,0.0,0,0,812.0
449,DNW_LeClo,13,0,0,6,114.21,0,0,0,0,0.0,0,0,826.0
450,DNW_seoul,13,0,0,1,0.0,0,0,0,0,0.0,0,0,629.0
451,DNW_YJ,13,0,0,2,0.0,0,0,0,0,0.0,0,0,811.0
452,ATA_maczora,4,0,0,0,172.0656,0,0,1,1,514.6005,0,0,1075.0
453,ATA_Rain1ng,4,4,0,5,437.0476,3,1,2,4,252.08119,0,0,1474.0
454,ATA_Shadow,4,3,3,6,415.74765,0,0,1,2,272.47742,0,0,1592.0
455,ATA_Sparrow,4,0,0,1,131.76154,0,0,0,0,0.0,0,0,1049.0
456,V7_TaekGyun,15,0,0,1,126.4,0,1,0,0,0.0,0,0,486.0
457,V7_Heat,15,0,0,0,0.0,0,0,0,0,0.0,0,0,523.0
458,V7_SeungYong,15,4,0,2,339.60004,0,1,2,2,48.475014,0,0,556.0
459,V7_2star,15,0,0,1,26.4,0,1,0,0,0.0,0,0,511.0
460,Alo_Ayoh,7,2,0,1,183.9884,0,2,1,1,9.54844,1,0,705.0
461,Alo_Minsung,7,0,1,6,211.11429,0,7,0,0,0.0,0,0,1347.0
462,Alo_ha,7,1,0,5,195.80136,0,7,1,1,311.3592,2,0,1347.0
463,Alo_Joy,7,2,0,1,445.90884,2,1,1,3,39.984493,0,0,710.0
464,FSG_blackwalk,11,0,0,6,62.039997,0,2,0,0,0.0,0,0,1133.0
465,FSG_DG98,11,0,1,5,79.200005,0,1,0,0,0.0,0,0,978.0
466,FSG_Black9,11,0,0,8,0.0,0,2,0,0,0.0,0,0,974.0
467,FSG_Seongjang,11,1,0,6,183.6674,0,2,1,1,4.1451187,0,0,1096.0
468,AF_Hansia,6,0,0,3,60.088123,0,2,1,1,54.24995,1,0,1438.0
469,AF_Akad,6,0,0,2,86.0,1,2,1,1,35.1901,0,0,1259.0
470,AF_Hikari,6,0,0,6,26.187962,0,1,0,0,0.0,0,0,1403.0
471,AF_EJ,6,0,0,5,0.0,0,1,0,0,0.0,0,0,1282.0
472,WKD_Damin,8,3,4,2,495.60037,0,2,1,2,338.95853,1,0,980.0
473,WKD_Psychopathy,8,2,0,5,501.22327,0,4,1,3,351.92358,0,0,1203.0
474,WKD_AKaN,8,2,1,3,250.7341,1,2,1,1,4.7595325,0,0,1096.0
475,WKD_HelleN,8,3,1,6,545.35315,0,2,1,3,336.71585,0,0,1019.0
476,T1_Hulk,14,1,0,0,142.45801,0,0,0,0,0.0,0,0,519.0
477,T1_Aqua5,14,0,0,0,80.88472,0,0,0,0,0.0,0,0,491.0
478,T1_Daengchae,14,2,0,0,341.51678,0,1,0,0,0.0,0,0,563.0
479,T1_Hwan2da,14,0,0,1,24.0,0,0,0,0,0.0,0,0,489.0
480,DK_Loki,3,1,1,6,226.07089,0,6,1,1,150.06744,0,0,1667.0
481,DK_SiIky,3,1,1,1,130.23999,0,0,1,1,25.416399,0,0,1151.0
482,DK_Under,3,3,0,4,589.8087,0,9,1,2,96.713264,1,0,1667.0
483,DK_Makne,3,1,0,5,60.405468,0,10,1,1,12.682904,2,0,1667.0
484,MaD_EEND,5,2,0,4,305.17694,0,4,1,1,50.366627,0,0,1272.0
485,MaD_DAEVA,5,1,3,5,465.22427,0,4,1,1,229.39955,0,0,1518.0
486,MaD_2tap,5,2,0,2,113.15171,0,1,1,2,240.00578,2,0,1258.0
487,MaD_Lash,5,2,1,3,194.82489,1,1,1,1,44.660244,0,0,1282.0
488,GBL_Renba,10,1,2,8,74.79462,0,5,0,0,0.0,0,0,1194.0
489,GBL_Adder,10,0,0,0,0.0,0,0,0,0,0.0,0,0,437.0
490,GBL_Spear,10,2,0,8,293.03918,0,9,1,2,62.952065,0,0,1194.0
491,GBL_Lambu,10,0,0,5,100.361244,0,10,0,0,0.0,0,0,868.0
492,GRF_Menteul,9,0,0,1,84.33846,0,1,0,0,0.0,0,0,1130.0
493,GRF_Foxy,9,1,0,1,196.36992,0,0,0,0,0.0,0,0,1164.0
494,GRF_mick9y,9,0,0,2,0.0,0,0,0,0,0.0,0,0,1096.0
495,GRF_2heart,9,1,0,7,82.0,0,2,1,1,25.652918,0,0,1203.0
496,GEN_Asura,16,0,0,0,0.0,0,0,0,0,0.0,0,0,386.0
497,GEN_Pio,16,0,0,0,110.88069,0,1,0,0,0.0,0,0,456.0
498,GEN_Esther,16,0,0,0,32.9,0,0,0,0,0.0,0,0,333.0
499,GEN_Inonix,16,4,0,1,456.71414,0,3,1,1,16.559484,0,0,456.0
500,OPGG_WICK2D,1,0,0,0,0.0,0,0,0,0,0.0,0,0,355.0
501,OPGG_yacha,1,1,1,7,523.9524,0,8,1,3,60.18888,3,0,1668.421
502,OPGG_Gak,1,2,1,8,597.6491,0,3,1,2,201.15176,2,0,1668.421
503,OPGG_HowL,1,2,2,4,492.7202,1,5,1,1,171.7396,0,0,1668.421
504,emT_Salvia,2,1,3,6,258.93347,3,3,1,3,156.23878,2,0,1061.0
505,emT_Gyuyeon,2,1,1,9,204.12088,0,8,1,1,35.72256,1,0,1631.0
506,emT_Hwarang,2,1,2,6,400.8658,0,2,1,1,455.5213,0,0,1614.0
507,emT_JeffLocka,2,4,1,4,600.25476,1,1,2,6,373.31485,0,0,1668.0
508,GnG_xikk,12,0,0,6,14.399999,0,3,1,1,14.141266,1,0,914.0
509,GnG_VenTus,12,1,0,4,163.63077,0,2,1,2,29.62171,0,0,914.0
510,GnG_siege,12,1,0,0,150.12573,0,2,1,1,12.390634,0,0,545.0
511,GnG_Dlaks,12,0,2,1,246.2264,0,1,0,0,0.0,1,0,554.0
512,DNW_LeClo,6,0,0,9,138.67534,0,4,1,1,25.759275,0,0,1305.0
513,DNW_seoul,6,1,0,10,279.01608,0,3,0,0,0.0,0,0,1350.0
514,DNW_YJ,6,1,0,1,98.58685,0,0,1,1,34.101994,0,0,684.0
515,DNW_Salute,6,0,0,1,0.0,0,0,0,0,0.0,0,0,686.0
516,ATA_Rain1ng,2,2,0,7,131.39,0,5,1,1,27.433237,0,0,1469.0
517,ATA_maczora,2,1,2,6,305.00757,1,1,2,3,154.62004,0,0,1454.0
518,ATA_Sparrow,2,0,0,6,21.78,0,4,0,0,0.0,1,0,1433.0
519,ATA_Shadow,2,4,1,6,352.4171,1,4,4,6,168.25653,0,0,1565.0
520,OPGG_HowL,10,1,1,4,228.3589,1,3,1,2,297.5858,0,0,1075.0
521,OPGG_Gak,10,0,0,4,0.0,0,5,1,1,614.3949,0,0,893.0
522,OPGG_WICK2D,10,1,1,4,242.56828,1,5,1,1,18.424372,0,0,1113.0
523,OPGG_yacha,10,1,1,5,158.8,0,9,1,1,20.50238,0,0,1092.0
524,WKD_Psychopathy,15,0,0,0,61.243702,0,0,0,0,0.0,0,0,334.0
525,WKD_Damin,15,1,0,3,38.756298,0,5,1,1,59.284653,1,0,485.0
526,WKD_HelleN,15,1,0,0,135.28,1,0,1,1,32.766487,0,0,348.0
527,WKD_AKaN,15,0,0,0,0.0,0,1,0,0,0.0,0,0,464.0
528,AF_Hansia,14,1,0,1,61.719994,0,0,1,1,87.91869,0,0,643.0
529,AF_Akad,14,0,0,2,17.732916,0,0,0,0,0.0,0,0,629.0
530,AF_Hikari,14,0,0,0,0.0,0,0,0,0,0.0,0,0,642.0
531,AF_EJ,14,2,1,0,287.1184,1,1,1,1,36.99289,0,0,660.0
532,V7_TaekGyun,11,0,1,2,0.0,0,1,0,0,0.0,0,0,1040.0
533,V7_2star,11,0,0,0,0.0,0,0,0,0,0.0,0,0,1074.0
534,V7_SeungYong,11,1,0,3,100.0,0,13,1,1,37.97151,0,0,1074.0
535,V7_Heat,11,1,0,6,196.28424,0,1,0,0,0.0,0,0,1074.0
536,MaD_2tap,1,0,2,2,204.7114,0,2,0,0,0.0,0,0,1566.143
537,MaD_DAEVA,1,0,1,3,46.53,0,1,0,0,0.0,1,0,1566.143
538,MaD_Lash,1,1,0,4,121.25564,0,0,1,1,20.841694,0,0,1566.143
539,MaD_EEND,1,2,0,2,474.10678,0,0,2,5,284.86676,0,0,1566.143
540,GRF_2heart,4,2,1,5,766.051,0,0,1,3,133.94774,2,0,1536.0
541,GRF_mick9y,4,1,0,4,118.76152,0,0,0,0,0.0,0,0,1500.0
542,GRF_Foxy,4,2,1,3,512.4919,0,0,1,2,329.2461,0,0,1536.0
543,GRF_Menteul,4,1,1,6,191.07802,0,2,1,2,210.599,0,0,1499.0
544,Alo_Joy,7,0,0,8,0.0,0,7,0,0,0.0,0,0,1128.0
545,Alo_ha,7,0,0,7,35.61428,0,1,0,0,0.0,1,0,1301.0
546,Alo_Ayoh,7,0,0,2,0.0,0,0,0,0,0.0,0,0,487.0
547,Alo_Minsung,7,0,0,7,0.0,0,2,0,0,0.0,2,0,1301.0
548,FSG_Seongjang,5,2,1,3,436.07404,1,1,1,2,40.460827,0,0,1473.0
549,FSG_DG98,5,3,2,6,335.54657,1,7,1,3,36.910812,0,0,1473.0
550,FSG_Black9,5,0,3,5,284.74976,0,2,1,1,446.43472,1,0,1473.0
551,FSG_blackwalk,5,1,3,2,269.66425,0,0,0,0,0.0,0,0,1473.0
552,emT_Hwarang,3,0,0,6,128.50504,0,0,0,0,0.0,0,0,1476.0
553,emT_Gyuyeon,3,2,1,4,296.1633,0,3,0,0,0.0,0,0,1556.0
554,emT_Salvia,3,1,0,3,103.28137,0,2,1,1,20.916433,0,0,1542.0
555,emT_JeffLocka,3,1,0,3,297.11154,0,1,1,1,43.007725,0,0,1529.0
556,GEN_Pio,13,0,0,0,0.0,0,0,0,0,0.0,0,0,566.0
557,GEN_Asura,13,0,1,0,78.15828,0,0,0,0,0.0,0,0,676.0
558,GEN_Inonix,13,2,1,0,144.519,0,0,1,1,51.05976,0,0,683.0
559,GEN_Esther,13,0,0,0,0.0,0,0,0,0,0.0,0,0,564.0
560,GnG_VenTus,12,2,1,7,176.11127,0,0,1,2,46.974678,0,0,902.0
561,GnG_xikk,12,0,0,3,0.0,0,0,0,0,0.0,0,0,569.0
562,GnG_Dlaks,12,2,0,5,104.73455,2,0,2,2,47.353477,0,0,685.0
563,GnG_siege,12,0,1,0,94.559814,1,1,1,1,37.226078,0,0,697.0
564,DK_Under,8,0,0,1,75.670364,0,1,0,0,0.0,0,0,906.0
565,DK_SiIky,8,0,0,0,0.0,0,0,0,0,0.0,0,0,531.0
566,DK_Loki,8,0,3,7,251.17041,0,8,0,0,0.0,0,0,1272.0
567,DK_Makne,8,3,0,6,354.67038,0,12,3,4,119.96376,1,0,1300.0
568,GBL_Renba,16,0,0,1,0.0,0,0,0,0,0.0,0,0,416.0
569,GBL_Spear,16,3,1,0,222.62148,0,0,1,1,13.846991,0,0,416.0
570,GBL_Lambu,16,1,0,0,150.24336,0,0,0,0,0.0,0,0,416.0
571,GBL_Adder,16,0,1,0,0.0,0,0,0,0,0.0,0,0,361.0
572,T1_Daengchae,9,1,0,1,297.6265,0,2,1,2,32.538055,0,0,1167.0
573,T1_Hwan2da,9,3,0,3,210.97148,0,0,1,1,126.886055,0,1,1018.0
574,T1_Aqua5,9,1,2,2,430.21008,0,7,1,1,28.843138,1,0,1167.0
575,T1_Hulk,9,0,0,0,107.11499,0,0,0,0,0.0,0,0,982.0
576,OPGG_HowL,5,1,0,9,262.79303,0,10,1,1,21.266865,0,0,1625.0
577,OPGG_yacha,5,3,1,5,432.8381,0,9,1,2,36.37019,0,0,1625.0
578,OPGG_WICK2D,5,0,1,8,49.602814,0,8,0,0,0.0,0,0,1605.0
579,OPGG_Gak,5,0,0,4,61.588528,0,3,0,0,0.0,0,0,1513.0
580,AF_Hikari,6,2,0,5,284.43085,0,0,2,3,77.08478,1,0,1468.0
581,AF_EJ,6,2,1,6,410.41605,0,5,1,2,164.91322,0,0,1617.0
582,AF_Akad,6,1,4,3,326.00558,0,4,0,0,0.0,0,0,1594.0
583,AF_Hansia,6,2,0,4,428.8383,0,3,1,1,149.42232,0,0,1507.0
584,MaD_DAEVA,12,0,1,4,119.95109,0,4,0,0,0.0,1,0,1147.0
585,MaD_2tap,12,1,1,5,153.46556,0,1,0,0,0.0,0,0,1091.0
586,MaD_EEND,12,0,0,0,24.253525,0,0,0,0,0.0,0,0,669.0
587,MaD_Lash,12,1,0,1,145.39243,1,2,1,2,396.8039,0,0,1147.0
588,WKD_HelleN,9,1,0,3,427.6691,0,0,1,2,191.79372,0,0,1133.0
589,WKD_Psychopathy,9,0,1,5,60.90597,0,4,0,0,0.0,0,0,1114.0
590,WKD_Damin,9,2,0,2,321.36755,1,0,1,2,69.700554,0,0,1105.0
591,WKD_AKaN,9,0,0,2,81.0,0,2,1,2,181.84265,0,0,1181.0
592,GEN_Inonix,14,0,0,0,0.0,0,0,0,0,0.0,0,0,554.0
593,GEN_Pio,14,2,1,3,200.0,0,0,1,1,214.3192,0,0,878.0
594,GEN_Esther,14,1,0,1,134.59302,0,2,0,0,0.0,0,0,551.0
595,GEN_Asura,14,0,0,0,0.0,0,0,0,0,0.0,0,0,487.0
596,DK_Makne,1,0,0,3,70.28938,0,0,0,0,0.0,0,0,993.0
597,DK_Under,1,2,1,5,201.09296,0,3,1,1,9.176668,0,0,1752.546
598,DK_Loki,1,0,0,0,0.0,0,0,0,0,0.0,0,0,506.0
599,DK_SiIky,1,2,1,6,600.7821,0,1,3,4,43.468185,1,0,1752.546
600,GnG_Dlaks,10,3,0,8,425.62094,2,6,1,3,168.74387,0,0,1173.0
601,GnG_siege,10,1,0,1,117.0251,0,4,1,1,1.684639,0,0,776.0
602,GnG_xikk,10,0,0,2,0.0,0,0,0,0,0.0,0,0,545.0
603,GnG_VenTus,10,1,1,5,100.0,0,0,1,1,1.5573761,1,0,1041.0
604,V7_Heat,16,1,1,0,182.25,0,0,0,0,0.0,0,0,385.0
605,V7_TaekGyun,16,0,0,1,0.0,0,3,0,0,0.0,0,0,385.0
606,V7_2star,16,0,0,0,0.0,0,0,0,0,0.0,0,0,230.0
607,V7_SeungYong,16,1,0,1,124.76376,1,1,1,1,9.612477,0,0,385.0
608,emT_Salvia,8,0,0,5,119.90013,0,10,0,0,0.0,0,0,1295.0
609,emT_Gyuyeon,8,0,0,0,0.0,0,1,0,0,0.0,0,0,717.0
610,emT_Hwarang,8,0,0,0,0.0,0,0,0,0,0.0,0,0,680.0
611,emT_JeffLocka,8,0,0,3,0.0,0,2,0,0,0.0,0,0,1295.0
612,FSG_blackwalk,11,1,0,3,192.2589,0,2,1,1,111.03496,0,0,1166.0
613,FSG_Seongjang,11,1,0,3,391.21085,1,0,1,1,110.042305,0,0,1128.0
614,FSG_Black9,11,0,0,0,267.3348,0,0,1,1,164.94504,0,0,1128.0
615,FSG_DG98,11,0,0,2,23.313162,0,5,0,0,0.0,0,0,1166.0
616,GBL_Lambu,3,3,1,4,545.46484,1,1,1,3,658.3731,0,0,1719.0
617,GBL_Renba,3,0,0,2,88.314964,0,0,0,0,0.0,0,0,1293.0
618,GBL_Spear,3,1,1,3,337.64972,0,1,1,1,262.28763,0,0,1275.0
619,GBL_Adder,3,1,0,5,153.53351,0,5,1,1,6.1119146,0,0,1716.0
620,GRF_Menteul,4,0,0,3,59.805027,0,4,0,0,0.0,0,0,1343.0
621,GRF_Foxy,4,1,0,5,140.0,0,2,1,1,13.690248,0,0,1657.0
622,GRF_2heart,4,0,0,3,0.0,0,3,0,0,0.0,0,0,847.0
623,GRF_mick9y,4,0,0,4,0.0,0,5,0,0,0.0,0,0,990.0
624,DNW_Salute,15,1,0,2,51.009666,0,3,1,1,12.282032,1,0,781.0
625,DNW_seoul,15,1,1,3,59.68014,0,0,1,1,7.1575127,0,0,785.0
626,DNW_YJ,15,1,0,2,178.62094,0,1,1,1,11.112876,0,0,785.0
627,DNW_LeClo,15,0,1,3,69.09,0,1,0,0,0.0,0,0,778.0
628,ATA_Sparrow,7,1,1,1,298.9011,1,2,1,1,31.966038,0,0,1134.0
629,ATA_Rain1ng,7,1,1,3,41.237907,1,3,1,2,106.885284,0,0,1155.0
630,ATA_Shadow,7,1,2,3,187.3147,0,4,1,1,46.824406,0,0,1311.0
631,ATA_maczora,7,0,1,5,322.20624,0,1,1,1,237.11066,0,0,1311.0
632,T1_Aqua5,2,1,0,6,268.50894,1,3,1,2,287.3679,0,0,1715.0
633,T1_Hwan2da,2,1,0,6,514.54285,0,6,1,3,88.33496,0,0,1752.0
634,T1_Hulk,2,1,2,10,263.21454,1,6,1,1,76.74188,0,0,1752.0
635,T1_Daengchae,2,2,1,6,298.25708,2,1,1,4,293.95837,2,0,1752.0
636,Alo_Minsung,13,0,0,0,0.0,0,0,0,0,0.0,0,0,105.0
637,Alo_Joy,13,3,0,8,469.7871,1,1,2,4,35.421085,0,0,1127.0
638,Alo_ha,13,0,0,0,107.18,0,0,0,0,0.0,0,0,342.0
639,Alo_Ayoh,13,0,0,1,38.808,0,0,0,0,0.0,0,0,346.0
640,OPGG_WICK2D,11,0,0,0,24.599504,0,0,0,0,0.0,0,0,580.0
641,OPGG_yacha,11,0,0,1,0.0,0,1,0,0,0.0,0,0,586.0
642,OPGG_HowL,11,0,0,5,109.5016,0,2,0,0,0.0,0,0,808.0
643,OPGG_Gak,11,0,0,3,0.0,0,0,0,0,0.0,0,0,599.0
644,GEN_Pio,6,2,1,6,222.7576,1,10,2,3,54.303116,0,0,1096.0
645,GEN_Inonix,6,0,1,9,185.18446,0,9,1,1,234.63623,0,0,1308.0
646,GEN_Asura,6,0,0,0,0.0,0,0,0,0,0.0,0,0,589.0
647,GEN_Esther,6,2,0,5,100.95932,0,14,2,2,187.34485,1,0,1080.0
648,emT_HAIL,4,0,1,2,0.0,0,0,0,0,0.0,0,0,731.0
649,emT_Gyuyeon,4,2,3,5,309.54855,0,3,1,2,135.70085,0,0,1540.0
650,emT_Salvia,4,4,0,7,314.49243,2,3,2,4,297.6244,1,0,1562.0
651,emT_JeffLocka,4,2,2,1,353.15054,1,2,1,2,449.8404,0,0,1562.0
652,GnG_VenTus,13,0,0,5,0.0,0,0,0,0,0.0,0,0,692.0
653,GnG_xikk,13,0,0,3,0.0,0,2,0,0,0.0,0,0,690.0
654,GnG_Dlaks,13,0,0,4,52.574043,0,0,0,0,0.0,0,0,697.0
655,GnG_siege,13,1,0,0,100.0,0,0,1,1,11.483644,0,0,702.0
656,WKD_Damin,7,0,0,1,0.0,0,2,0,0,0.0,0,0,866.0
657,WKD_HelleN,7,0,0,0,27.928865,0,1,0,0,0.0,0,0,752.0
658,WKD_Psychopathy,7,1,1,6,68.1535,0,10,2,2,49.384205,0,0,1293.0
659,WKD_AKaN,7,0,0,4,80.64,0,11,1,1,39.444786,0,0,982.0
660,MaD_Lash,8,0,0,2,0.0,0,4,0,0,0.0,0,0,702.0
661,MaD_2tap,8,0,0,2,0.0,0,5,0,0,0.0,0,0,702.0
662,MaD_DAEVA,8,1,1,9,97.08,0,6,0,0,0.0,0,0,1285.0
663,MaD_EEND,8,0,0,3,0.0,0,5,0,0,0.0,0,0,707.0
664,FSG_Black9,15,0,0,0,0.0,0,0,0,0,0.0,0,0,154.0
665,FSG_DG98,15,0,0,0,0.0,0,0,0,0,0.0,0,0,92.0
666,FSG_Seongjang,15,1,0,0,141.15999,0,0,1,1,14.21933,0,0,154.0
667,FSG_blackwalk,15,0,0,0,28.0,0,0,0,0,0.0,0,0,154.0
668,Alo_ha,2,4,0,7,386.1593,2,6,2,7,60.525013,0,0,1521.0
669,Alo_Joy,2,2,1,9,585.2442,1,4,1,3,129.893,0,0,1700.0
670,Alo_Minsung,2,1,1,9,217.0776,0,9,2,2,12.168196,2,0,1289.0
671,Alo_Ayoh,2,0,2,0,95.12239,0,0,0,0,0.0,0,0,120.0
672,ATA_Shadow,1,1,0,0,100.0,0,0,1,1,51.803864,0,0,1361.0
673,ATA_Sparrow,1,0,0,0,0.0,0,0,0,0,0.0,0,0,1353.0
674,ATA_Rain1ng,1,1,1,6,506.64368,1,0,1,3,149.69554,0,0,1700.894
675,ATA_maczora,1,1,0,4,349.44543,1,2,2,2,79.849724,0,0,1700.894
676,T1_Aqua5,10,1,2,4,177.61235,1,20,1,1,10.915715,0,0,1034.0
677,T1_Hulk,10,2,1,2,251.62949,0,5,2,3,113.46648,0,0,693.0
678,T1_Daengchae,10,3,2,4,255.70804,1,6,1,3,153.56252,0,0,929.0
679,T1_Hwan2da,10,1,0,4,130.87975,0,12,1,1,23.129295,0,0,931.0
680,V7_TaekGyun,16,0,0,0,0.0,0,0,0,0,0.0,0,0,149.0
681,V7_2star,16,1,0,0,182.72,0,0,0,0,0.0,0,0,149.0
682,V7_SeungYong,16,0,0,0,27.3,0,0,0,0,0.0,0,0,136.0
683,V7_Heat,16,2,0,0,168.98,0,0,1,1,6.9326615,0,0,149.0
684,GRF_2heart,3,1,0,3,71.2554,1,5,1,2,287.32645,0,0,980.0
685,GRF_Menteul,3,0,0,1,0.0,0,0,0,0,0.0,0,0,850.0
686,GRF_mick9y,3,2,1,5,209.04237,0,9,1,2,64.48813,0,0,1644.0
687,GRF_Foxy,3,0,1,3,45.165794,0,12,0,0,0.0,0,0,981.0
688,AF_Hikari,9,0,0,1,0.0,0,0,0,0,0.0,0,0,544.0
689,AF_Akad,9,2,0,4,219.11366,1,2,1,1,16.041079,0,0,1200.0
690,AF_Hansia,9,0,0,0,26.4,0,0,0,0,0.0,0,0,561.0
691,AF_EJ,9,1,1,4,121.78,1,2,1,1,37.26917,0,0,1198.0
692,DK_SiIky,5,2,1,4,193.00151,0,15,1,2,126.43716,0,0,1367.0
693,DK_Makne,5,0,0,4,0.0,0,6,0,0,0.0,0,0,1055.0
694,DK_Under,5,2,0,6,180.36621,1,12,2,2,73.47188,0,0,1373.0
695,DK_Loki,5,0,0,6,25.826279,0,15,0,0,0.0,0,0,1235.0
696,GBL_Adder,12,0,0,2,26.998354,0,0,0,0,0.0,0,0,711.0
697,GBL_Lambu,12,1,0,3,50.414604,0,2,0,0,0.0,0,0,724.0
698,GBL_Spear,12,0,0,3,24.540401,0,1,0,0,0.0,0,0,724.0
699,GBL_Renba,12,0,0,4,107.4045,0,1,0,0,0.0,0,0,710.0
700,DNW_seoul,14,2,1,2,200.0,1,0,1,2,30.136084,0,0,511.0
701,DNW_YJ,14,0,1,3,107.399994,0,2,0,0,0.0,0,0,511.0
702,DNW_LeClo,14,0,2,0,43.0,0,0,0,0,0.0,0,0,105.0
703,DNW_Salute,14,1,0,1,111.64,0,0,2,2,25.112652,0,0,511.0
704,GEN_Asura,14,0,0,1,0.0,0,0,0,0,0.0,0,0,623.0
705,GEN_Esther,14,0,0,0,0.0,0,0,0,0,0.0,0,0,514.0
706,GEN_Pio,14,0,0,0,0.0,0,0,0,0,0.0,0,0,616.0
707,GEN_Inonix,14,0,0,1,50.047363,0,0,0,0,0.0,0,0,515.0
708,ATA_maczora,5,1,0,7,282.01785,1,2,1,1,143.72299,0,0,1428.0
709,ATA_Sparrow,5,0,1,2,89.819115,0,0,0,0,0.0,0,0,1050.0
710,ATA_Rain1ng,5,1,0,4,217.94421,0,1,1,2,187.03816,0,0,1437.0
711,ATA_Shadow,5,0,2,1,78.028656,0,0,0,0,0.0,0,0,1334.0
712,GRF_Menteul,10,0,0,3,0.0,0,4,0,0,0.0,0,0,936.0
713,GRF_Foxy,10,0,0,8,0.0,0,4,0,0,0.0,1,0,1067.0
714,GRF_mick9y,10,0,0,6,0.0,0,9,0,0,0.0,1,0,1067.0
715,GRF_2heart,10,2,1,6,228.31656,0,7,1,1,20.34404,0,0,1067.0
716,MaD_2tap,9,0,0,2,89.6331,0,0,0,0,0.0,0,0,1054.0
717,MaD_DAEVA,9,0,0,4,98.62477,0,3,0,0,0.0,1,0,1080.0
718,MaD_EEND,9,4,0,5,512.86456,1,2,1,3,175.3022,0,0,1083.0
719,MaD_Lash,9,0,1,3,99.87839,0,1,0,0,0.0,0,0,1029.0
720,GBL_Lambu,4,1,1,9,331.6164,0,3,1,3,100.92128,3,0,1550.0
721,GBL_Adder,4,3,2,3,316.01743,2,5,1,4,140.6157,1,0,1550.0
722,GBL_Renba,4,1,0,0,80.2,1,0,1,1,43.601856,1,0,1093.0
723,GBL_Spear,4,0,3,7,177.94441,0,10,1,1,7.8828773,0,0,1550.0
724,AF_EJ,1,2,0,10,328.30066,1,5,1,2,24.44221,0,0,1923.814
725,AF_Akad,1,4,1,6,521.8829,1,4,2,3,47.489887,1,0,1923.814
726,AF_Hansia,1,0,3,9,385.7646,0,12,0,0,0.0,1,0,1923.814
727,AF_Hikari,1,1,0,7,229.03131,1,2,1,1,51.748207,0,0,1923.814
728,T1_Hulk,3,0,1,8,547.335,1,4,1,2,214.35663,2,0,1882.0
729,T1_Hwan2da,3,3,1,9,370.94696,1,5,1,3,164.51172,1,0,1877.0
730,T1_Aqua5,3,1,1,1,127.4,0,0,0,0,0.0,0,0,884.0
731,T1_Daengchae,3,6,0,9,632.8512,0,7,1,5,165.69691,0,0,1882.0
732,V7_SeungYong,16,1,0,0,97.89316,0,0,1,1,11.127961,0,0,260.0
733,V7_TaekGyun,16,0,0,0,0.0,0,0,0,0,0.0,0,0,259.0
734,V7_2star,16,2,1,0,174.61609,0,0,0,0,0.0,0,0,283.0
735,V7_Heat,16,0,0,0,88.0,0,0,0,0,0.0,0,0,274.0
736,emT_HAIL,7,2,0,2,339.33716,1,2,1,2,200.1626,0,0,1107.0
737,emT_Salvia,7,3,3,4,238.68256,0,3,1,1,36.496204,1,0,1161.0
738,emT_Gyuyeon,7,1,1,3,237.78119,1,3,1,1,86.78796,0,0,1161.0
739,emT_JeffLocka,7,1,2,2,226.81229,0,0,1,1,44.43288,0,0,1090.0
740,DNW_YJ,12,2,0,2,130.57358,1,1,1,2,7.020988,0,0,662.0
741,DNW_Salute,12,1,0,0,50.860004,0,0,1,1,9.271875,0,0,282.0
742,DNW_seoul,12,1,2,4,283.68738,1,15,1,2,16.349236,2,0,928.0
743,DNW_LeClo,12,1,3,2,214.66002,0,1,0,0,0.0,0,0,454.0
744,OPGG_HowL,8,0,0,5,50.88998,0,0,0,0,0.0,0,0,1097.0
745,OPGG_yacha,8,0,0,0,26.4,0,0,0,0,0.0,0,0,248.0
746,OPGG_WICK2D,8,1,0,0,100.0,0,0,0,0,0.0,0,0,879.0
747,OPGG_Gak,8,1,0,5,99.51658,1,1,1,1,39.031464,0,0,1073.0
748,DK_Makne,2,0,1,3,102.83925,0,0,0,0,0.0,0,0,1088.0
749,DK_SiIky,2,1,0,1,40.31393,0,0,1,1,43.216507,0,0,1065.0
750,DK_Under,2,1,1,3,224.47849,0,0,2,2,36.207935,0,0,1924.0
751,DK_Loki,2,3,2,6,417.7042,1,3,2,4,57.555252,0,0,1920.0
752,Alo_ha,13,0,0,1,0.0,0,0,0,0,0.0,0,0,520.0
753,Alo_Minsung,13,2,0,5,272.87408,0,13,1,3,113.875725,0,0,907.0
754,Alo_Joy,13,0,0,0,0.0,0,0,0,0,0.0,0,0,260.0
755,Alo_Ayoh,13,1,0,1,139.38225,0,14,0,0,0.0,0,0,907.0
756,GnG_VenTus,11,0,0,4,64.83179,0,1,0,0,0.0,0,0,971.0
757,GnG_Dlaks,11,0,0,3,119.56612,0,0,0,0,0.0,0,0,743.0
758,GnG_xikk,11,0,0,3,125.69342,0,4,0,0,0.0,0,0,900.0
759,GnG_siege,11,0,0,1,31.877554,0,0,0,0,0.0,0,0,716.0
760,WKD_AKaN,15,1,0,2,100.0,0,1,1,1,4.852198,0,0,401.0
761,WKD_HelleN,15,1,0,1,144.78351,0,1,1,2,37.372417,0,0,454.0
762,WKD_Psychopathy,15,0,1,4,82.6617,0,0,0,0,0.0,0,0,575.0
763,WKD_Damin,15,0,0,0,0.0,0,0,0,0,0.0,0,0,304.0
764,FSG_Black9,6,1,0,0,323.82214,0,0,0,0,0.0,0,0,1437.0
765,FSG_DG98,6,2,0,3,202.82999,0,0,1,1,122.08323,0,0,1437.0
766,FSG_blackwalk,6,0,0,6,0.0,0,4,0,0,0.0,0,0,878.0
767,FSG_Seongjang,6,1,0,3,180.86502,0,3,0,0,0.0,0,0,1426.0
768,MaD_EEND,2,4,2,8,491.6701,0,7,1,2,69.52972,0,0,1710.0
769,MaD_DAEVA,2,1,1,5,739.41095,1,7,1,3,130.13638,0,0,1815.0
770,MaD_2tap,2,1,0,2,352.66995,1,6,1,2,178.86543,1,0,1796.0
771,MaD_Lash,2,1,0,4,130.94937,1,3,1,1,44.331856,0,0,1513.0
772,WKD_AKaN,4,2,1,8,404.98502,0,4,1,1,27.10921,0,0,1746.0
773,WKD_Psychopathy,4,1,0,5,33.2629,0,1,1,1,167.92773,0,0,918.0
774,WKD_HelleN,4,2,1,5,539.9397,1,1,1,4,295.0838,0,0,1623.0
775,WKD_Damin,4,1,1,7,395.87988,0,10,1,1,60.529125,0,0,1629.0
776,V7_TaekGyun,7,5,0,8,393.7136,2,8,1,4,75.52513,0,0,1278.0
777,V7_SeungYong,7,0,0,0,22.207499,0,0,0,0,0.0,0,0,752.0
778,V7_Heat,7,2,1,4,276.70078,1,0,1,2,30.198706,0,0,781.0
779,V7_2star,7,1,3,2,242.95909,0,1,1,1,50.3298,0,0,913.0
780,FSG_Seongjang,16,1,0,0,169.42038,0,0,0,0,0.0,0,0,388.0
781,FSG_Black9,16,0,0,1,0.0,0,0,0,0,0.0,0,0,402.0
782,FSG_DG98,16,0,0,1,0.0,0,0,0,0,0.0,0,0,402.0
783,FSG_blackwalk,16,1,0,0,100.0,0,0,1,1,17.756645,0,0,402.0
784,GRF_Menteul,6,0,1,1,29.04,0,0,0,0,0.0,0,0,864.0
785,GRF_mick9y,6,0,0,2,50.32675,1,5,1,1,232.21909,0,0,1265.0
786,GRF_Foxy,6,3,0,5,320.31476,0,2,3,3,12.292754,1,0,1286.0
787,GRF_2heart,6,0,0,6,287.4904,0,2,1,1,8.478482,0,0,1260.0
788,GEN_Pio,3,4,0,6,362.3735,0,0,1,4,148.66791,0,0,1521.0
789,GEN_Inonix,3,1,1,2,186.48788,1,2,1,1,117.9919,0,0,1494.0
790,GEN_Esther,3,1,1,7,505.00803,0,8,1,2,16.669706,0,0,1805.0
791,GEN_Asura,3,0,1,6,111.50451,0,1,0,0,0.0,0,0,1715.0
792,Alo_Joy,12,0,0,1,0.0,0,0,0,0,0.0,0,0,662.0
793,Alo_Ayoh,12,0,0,0,33.1485,0,0,0,0,0.0,0,0,101.0
794,Alo_ha,12,0,0,0,0.0,0,0,0,0,0.0,0,0,880.0
795,Alo_Minsung,12,0,0,0,0.0,0,0,0,0,0.0,0,0,97.0
796,DK_Makne,9,0,0,3,0.0,0,11,0,0,0.0,0,0,986.0
797,DK_Loki,9,2,0,5,180.0,2,14,1,2,96.790215,1,0,1173.0
798,DK_SiIky,9,0,0,3,0.0,0,12,0,0,0.0,1,0,947.0
799,DK_Under,9,0,0,5,21.42333,0,12,0,0,0.0,0,0,918.0
800,AF_Hikari,14,0,0,1,52.063297,0,5,0,0,0.0,0,0,764.0
801,AF_Akad,14,0,0,1,35.59633,0,2,0,0,0.0,0,0,764.0
802,AF_Hansia,14,1,0,1,195.69357,0,0,0,0,0.0,0,0,145.0
803,AF_EJ,14,0,0,0,26.4,0,0,0,0,0.0,0,0,489.0
804,emT_JeffLocka,5,0,0,6,52.946827,0,1,1,1,455.5418,0,0,1357.0
805,emT_HAIL,5,0,1,3,143.00764,0,1,0,0,0.0,0,0,1374.0
806,emT_Gyuyeon,5,0,0,4,167.90543,0,2,0,0,0.0,0,0,1437.0
807,emT_Salvia,5,0,0,0,0.0,0,0,0,0,0.0,0,0,1042.0
808,OPGG_WICK2D,11,3,0,6,168.71504,2,5,1,3,59.994175,0,0,1052.0
809,OPGG_HowL,11,0,0,3,23.632292,0,0,0,0,0.0,0,0,645.0
810,OPGG_Gak,11,1,0,5,100.0,1,4,1,1,55.224037,0,0,1066.0
811,OPGG_yacha,11,1,0,6,160.24797,2,4,1,2,210.51465,0,0,1076.0
812,T1_Hulk,1,2,1,5,510.57764,1,5,1,2,103.89771,0,0,1814.837
813,T1_Daengchae,1,1,1,5,189.79703,0,2,0,0,0.0,0,0,1761.0
814,T1_Aqua5,1,2,2,7,564.6657,1,6,1,3,189.62793,1,0,1814.837
815,T1_Hwan2da,1,0,1,7,245.05891,0,5,0,0,0.0,0,0,1797.0
816,ATA_maczora,8,0,0,2,193.3748,0,1,1,2,259.02222,0,0,1177.0
817,ATA_Rain1ng,8,1,0,6,12.300003,0,1,1,1,33.072575,0,0,1139.0
818,ATA_Sparrow,8,1,2,3,494.04092,1,1,1,1,110.006386,0,0,1097.0
819,ATA_Shadow,8,0,0,3,100.00001,0,2,1,1,88.20378,0,0,1118.0
820,GnG_xikk,15,0,0,3,0.0,0,1,0,0,0.0,0,0,694.0
821,GnG_VenTus,15,1,0,5,96.33642,0,1,1,1,6.520979,1,0,672.0
822,GnG_siege,15,0,0,0,0.0,0,0,0,0,0.0,0,0,283.0
823,GnG_Dlaks,15,1,1,1,90.253815,0,0,1,1,5.717012,0,0,678.0
824,DNW_YJ,13,0,0,0,0.0,0,0,0,0,0.0,0,0,351.0
825,DNW_Salute,13,2,0,1,90.153336,0,0,1,2,30.014746,1,0,792.0
826,DNW_seoul,13,0,1,3,78.583405,0,2,0,0,0.0,0,0,792.0
827,DNW_LeClo,13,2,1,0,390.34995,1,0,3,3,5.5980554,0,0,792.0
828,GBL_Adder,10,0,1,0,31.656868,0,0,0,0,0.0,0,0,876.0
829,GBL_Renba,10,0,0,3,141.56999,0,0,0,0,0.0,0,0,1112.0
830,GBL_Spear,10,0,0,2,0.0,0,9,0,0,0.0,0,0,882.0
831,GBL_Lambu,10,1,0,0,201.23882,0,0,1,1,18.318218,0,0,869.0
832,GnG_Dlaks,13,1,0,0,132.9,1,0,1,1,3.9953713,0,0,664.0
833,GnG_VenTus,13,2,0,6,265.56686,0,2,1,2,63.624966,0,0,709.0
834,GnG_xikk,13,0,1,0,68.74823,0,1,0,0,0.0,0,0,709.0
835,GnG_siege,13,0,0,0,0.0,0,0,0,0,0.0,0,0,645.0
836,V7_TaekGyun,6,1,0,2,100.0,0,1,1,1,94.91947,0,0,337.0
837,V7_Heat,6,0,0,2,74.30536,0,0,0,0,0.0,0,0,1183.0
838,V7_2star,6,1,0,4,96.74137,0,0,1,2,358.57492,0,0,1260.0
839,V7_SeungYong,6,0,1,5,137.6749,0,2,0,0,0.0,0,0,1260.0
840,WKD_AKaN,15,1,0,0,64.31832,0,0,0,0,0.0,0,0,367.0
841,WKD_HelleN,15,0,0,0,0.0,0,0,0,0,0.0,0,0,274.0
842,WKD_Damin,15,1,1,2,149.38503,1,2,1,1,6.2850533,0,0,410.0
843,WKD_Psychopathy,15,1,0,0,88.292946,0,0,1,1,37.43127,0,0,318.0
844,GEN_Inonix,5,1,0,2,378.00168,0,2,1,2,136.76831,0,0,1292.0
845,GEN_Asura,5,0,0,6,189.29034,0,6,0,0,0.0,3,0,1523.0
846,GEN_Pio,5,3,1,8,474.60132,1,2,1,4,203.37047,0,0,1523.0
847,GEN_Esther,5,0,0,4,28.722067,0,3,0,0,0.0,1,0,1515.0
848,FSG_DG98,12,2,1,2,258.54657,1,1,2,2,145.2208,0,0,710.0
849,FSG_blackwalk,12,2,1,1,165.43546,1,1,2,2,93.79003,1,0,710.0
850,FSG_Black9,12,0,0,1,0.0,0,1,0,0,0.0,0,0,633.0
851,FSG_Seongjang,12,0,0,0,79.2,0,0,0,0,0.0,0,0,493.0
852,Alo_ha,3,0,0,0,37.02729,0,0,0,0,0.0,0,0,205.0
853,Alo_Joy,3,4,0,11,529.1033,2,2,2,6,73.1257,0,0,1689.0
854,Alo_Ayoh,3,2,1,7,234.19785,1,6,1,1,39.501076,0,0,1614.0
855,Alo_Minsung,3,0,0,0,54.21933,0,0,0,0,0.0,0,0,185.0
856,ATA_maczora,14,0,0,1,0.0,0,0,0,0,0.0,0,0,582.0
857,ATA_Shadow,14,1,0,0,179.71875,0,1,1,1,10.263871,1,0,582.0
858,ATA_Sparrow,14,1,0,1,117.89545,0,0,0,0,0.0,0,0,582.0
859,ATA_Rain1ng,14,0,1,1,16.80114,0,0,0,0,0.0,0,0,582.0
860,OPGG_yacha,10,0,0,0,94.65195,1,1,1,1,1.8185987,1,0,947.0
861,OPGG_WICK2D,10,1,0,3,117.12162,0,1,1,1,21.497292,0,0,907.0
862,OPGG_Gak,10,2,0,6,268.1422,0,0,1,1,11.446389,1,0,947.0
863,OPGG_HowL,10,1,2,5,20.83855,0,0,0,0,0.0,0,0,947.0
864,DNW_YJ,16,1,0,1,105.94795,1,0,1,1,37.057976,0,0,316.0
865,DNW_Salute,16,0,0,0,0.0,0,0,0,0,0.0,0,0,103.0
866,DNW_LeClo,16,0,0,0,0.0,0,0,0,0,0.0,0,0,274.0
867,DNW_seoul,16,0,0,0,48.0,0,0,0,0,0.0,0,0,259.0
868,GRF_Menteul,9,1,0,3,249.59372,0,2,1,2,155.16309,0,0,964.0
869,GRF_mick9y,9,0,1,4,61.379997,0,2,0,0,0.0,0,0,968.0
870,GRF_Foxy,9,0,0,3,33.37452,0,3,0,0,0.0,0,0,940.0
871,GRF_2heart,9,0,0,4,0.0,0,1,0,0,0.0,0,0,904.0
872,GBL_Spear,8,0,0,2,45.03745,0,0,0,0,0.0,0,0,1150.0
873,GBL_Renba,8,0,0,0,0.0,0,1,0,0,0.0,0,0,426.0
874,GBL_Adder,8,0,0,0,0.0,0,0,0,0,0.0,0,0,374.0
875,GBL_Lambu,8,2,1,2,166.20847,0,0,1,1,191.41512,0,0,1146.0
876,emT_HAIL,11,1,2,0,156.4,0,0,1,1,4.3870134,0,0,684.0
877,emT_Salvia,11,0,0,0,57.95798,0,0,0,0,0.0,0,0,667.0
878,emT_JeffLocka,11,1,0,0,133.94241,0,0,1,1,10.679207,0,0,636.0
879,emT_Gyuyeon,11,3,1,3,427.24634,1,3,2,3,21.606487,0,1,906.0
880,DK_SiIky,1,1,0,3,101.28838,0,0,0,0,0.0,0,0,1260.0
881,DK_Under,1,0,0,3,251.76529,0,4,0,0,0.0,0,0,1721.0
882,DK_Makne,1,1,1,10,65.818016,0,4,0,0,0.0,1,0,1898.0
883,DK_Loki,1,2,1,8,492.43945,1,9,1,4,34.59527,0,0,1899.903
884,AF_EJ,4,4,0,8,530.69977,2,0,2,6,147.21301,1,0,1581.0
885,AF_Akad,4,2,0,3,145.49033,2,2,1,2,84.556496,0,0,1087.0
886,AF_Hikari,4,2,4,5,430.78717,1,9,1,2,312.3711,0,0,1556.0
887,AF_Hansia,4,1,1,3,191.0538,1,6,1,2,169.51735,0,0,1089.0
888,MaD_DAEVA,2,4,0,3,503.38525,2,2,1,3,244.72371,0,0,1728.0
889,MaD_2tap,2,1,0,4,291.2611,0,0,0,0,0.0,0,0,1576.0
890,MaD_EEND,2,1,0,1,527.3621,0,1,0,0,0.0,0,0,1394.0
891,MaD_Lash,2,2,1,8,714.4249,1,0,1,3,66.52312,0,0,1899.0
892,T1_Daengchae,7,0,0,2,0.0,0,1,0,0,0.0,0,0,1002.0
893,T1_Aqua5,7,1,0,5,59.978058,0,3,1,1,47.20087,0,1,1233.0
894,T1_Hwan2da,7,0,0,0,11.252801,0,1,0,0,0.0,1,0,986.0
895,T1_Hulk,7,0,0,4,94.750404,0,2,0,0,0.0,0,0,1233.0
896,DK_Loki,2,0,0,0,0.0,0,1,0,0,0.0,0,0,1016.0
897,DK_Under,2,1,0,2,79.83916,0,2,1,1,212.53143,0,0,1653.0
898,DK_SiIky,2,0,0,3,44.99126,0,2,0,0,0.0,1,0,1369.0
899,DK_Makne,2,1,0,6,51.25125,0,4,1,1,303.9245,0,0,1621.0
900,GBL_Adder,12,0,1,0,41.330963,0,0,0,0,0.0,0,0,571.0
901,GBL_Renba,12,2,2,0,99.705696,0,0,0,0,0.0,0,0,385.0
902,GBL_Spear,12,1,0,0,277.83878,2,1,2,2,226.25275,0,0,571.0
903,GBL_Lambu,12,0,0,2,23.76,0,3,0,0,0.0,0,0,369.0
904,GEN_Asura,3,0,1,3,87.316376,0,1,0,0,0.0,1,0,1570.0
905,GEN_Pio,3,3,0,5,637.91425,0,3,1,3,122.556465,0,0,1570.0
906,GEN_Inonix,3,2,1,5,441.61374,1,2,1,2,319.51703,0,0,1570.0
907,GEN_Esther,3,1,0,2,62.771355,1,2,1,1,134.29271,0,0,1534.0
908,FSG_DG98,9,2,1,4,316.20108,1,2,1,2,56.699272,0,0,1065.0
909,FSG_Black9,9,1,1,5,316.109,2,2,1,2,42.547962,2,0,1065.0
910,FSG_Seongjang,9,2,1,1,205.51564,0,1,1,2,152.56058,1,0,685.0
911,FSG_blackwalk,9,0,0,0,85.974,0,0,1,1,52.84307,0,0,604.0
912,T1_Hulk,1,1,3,8,598.6355,1,5,1,3,421.16794,2,0,1653.692
913,T1_Daengchae,1,1,0,2,167.89801,1,2,1,2,200.3465,0,0,1653.692
914,T1_Aqua5,1,2,0,2,192.61313,1,0,1,3,167.05682,1,0,1653.692
915,T1_Hwan2da,1,1,3,9,479.71466,1,5,2,2,13.837608,0,0,1653.692
916,OPGG_yacha,8,2,0,1,281.22116,0,6,1,1,15.521483,0,0,269.0
917,OPGG_Gak,8,2,0,4,229.06546,0,0,1,2,195.55815,0,0,996.0
918,OPGG_HowL,8,1,0,6,99.99999,0,7,1,1,38.610973,0,0,1096.0
919,OPGG_WICK2D,8,0,0,0,0.0,0,0,0,0,0.0,0,0,200.0
920,GRF_Foxy,4,1,0,8,233.33359,0,4,1,1,8.580859,0,0,904.0
921,GRF_2heart,4,2,1,4,341.5767,0,1,1,2,52.910244,0,0,1310.0
922,GRF_mick9y,4,2,3,7,494.85022,1,2,1,1,13.230315,1,0,1535.0
923,GRF_Menteul,4,0,0,0,0.0,0,0,0,0,0.0,0,0,262.0
924,Alo_Ayoh,5,1,2,8,317.23688,0,0,1,1,9.483426,0,0,1362.0
925,Alo_Joy,5,1,0,1,87.04,0,0,1,1,0.9181304,0,0,721.0
926,Alo_ha,5,2,0,7,288.3183,0,3,2,2,15.996483,0,0,1362.0
927,Alo_Minsung,5,3,0,2,387.3847,0,2,2,3,194.62358,0,0,751.0
928,GnG_VenTus,14,1,0,3,178.5343,0,0,1,2,127.01277,0,0,468.0
929,GnG_siege,14,0,0,2,0.0,0,0,0,0,0.0,0,0,417.0
930,GnG_Dlaks,14,0,0,0,0.0,0,0,1,1,134.6975,0,0,386.0
931,GnG_xikk,14,1,0,1,47.199997,0,1,1,1,66.945595,0,0,481.0
932,ATA_Rain1ng,11,0,0,2,87.258896,0,0,0,0,0.0,0,0,627.0
933,ATA_Sparrow,11,2,0,2,353.00198,0,0,1,2,42.123325,0,0,630.0
934,ATA_Shadow,11,3,0,0,185.7411,1,0,1,1,36.55631,0,0,694.0
935,ATA_maczora,11,0,0,3,0.0,0,0,0,0,0.0,0,0,597.0
936,DNW_seoul,10,0,0,1,52.8,0,0,0,0,0.0,0,0,386.0
937,DNW_Salute,10,1,0,5,353.3312,0,3,1,1,193.4175,1,0,886.0
938,DNW_LeClo,10,2,0,4,286.50952,0,1,2,3,168.92447,0,0,885.0
939,DNW_YJ,10,1,1,1,113.73614,0,0,1,1,31.992308,0,0,380.0
940,MaD_2tap,15,0,0,0,55.378296,0,0,0,0,0.0,0,0,287.0
941,MaD_DAEVA,15,0,0,0,111.39,0,0,0,0,0.0,0,0,262.0
942,MaD_Lash,15,1,0,0,45.26255,0,0,0,0,0.0,0,0,287.0
943,MaD_EEND,15,1,0,0,176.70457,0,0,1,1,49.646645,0,0,287.0
944,V7_SeungYong,16,0,0,0,37.440002,0,3,0,0,0.0,0,0,234.0
945,V7_Heat,16,0,0,0,10.8,0,0,0,0,0.0,0,0,77.0
946,V7_TaekGyun,16,0,0,2,33.88,0,2,0,0,0.0,0,0,239.0
947,V7_2star,16,0,0,0,0.0,0,0,0,0,0.0,0,0,236.0
948,AF_EJ,7,0,0,4,0.0,0,1,0,0,0.0,0,0,1000.0
949,AF_Akad,7,0,0,0,0.0,0,0,0,0,0.0,0,0,970.0
950,AF_Hansia,7,1,0,5,283.80988,0,1,2,2,9.727697,0,0,1131.0
951,AF_Hikari,7,0,0,0,0.0,0,0,0,0,0.0,0,0,910.0
952,emT_Gyuyeon,6,0,0,1,111.12543,0,0,1,1,26.917524,0,0,1335.0
953,emT_Salvia,6,1,0,2,145.91457,0,0,1,1,263.62762,0,0,1332.0
954,emT_HAIL,6,1,0,6,228.0837,0,1,0,0,0.0,0,0,1325.0
955,emT_JeffLocka,6,0,0,2,93.0,0,6,1,1,203.39189,0,0,1255.0
956,WKD_HelleN,13,1,0,0,100.0,0,0,0,0,0.0,0,0,509.0
957,WKD_AKaN,13,0,0,0,76.8,0,0,0,0,0.0,0,0,186.0
958,WKD_Damin,13,0,0,0,0.0,0,0,0,0,0.0,0,0,488.0
959,WKD_Psychopathy,13,0,0,2,0.0,0,2,0,0,0.0,0,0,522.0
960,GBL_Adder,8,2,0,1,200.0,0,1,2,2,31.033194,1,0,627.0
961,GBL_Spear,8,0,0,0,57.249733,0,7,0,0,0.0,0,0,627.0
962,GBL_Lambu,8,0,0,0,57.329998,0,2,0,0,0.0,0,0,497.0
963,GBL_Renba,8,0,0,0,220.658,1,0,1,2,7.277706,1,0,545.0
964,OPGG_yacha,9,0,0,1,83.655624,0,1,0,0,0.0,0,0,532.0
965,OPGG_WICK2D,9,0,0,1,0.0,0,0,0,0,0.0,0,0,526.0
966,OPGG_Gak,9,1,0,2,148.15723,1,0,2,2,9.579309,1,0,517.0
967,OPGG_HowL,9,0,0,3,26.4,0,1,0,0,0.0,0,0,532.0
968,GnG_VenTus,10,4,0,3,437.75604,1,2,2,4,9.223486,1,0,432.0
969,GnG_Dlaks,10,1,1,2,212.89401,2,2,2,2,6.126571,0,0,432.0
970,GnG_xikk,10,0,1,0,49.35,0,0,0,0,0.0,1,0,165.0
971,GnG_siege,10,0,0,0,0.0,0,0,0,0,0.0,0,0,176.0
972,T1_Aqua5,4,1,1,4,109.979904,1,2,2,2,4.9347577,0,0,1327.0
973,T1_Hwan2da,4,1,0,0,183.538,1,0,1,1,65.626,0,0,144.0
974,T1_Daengchae,4,0,0,0,84.20737,0,0,0,0,0.0,0,0,150.0
975,T1_Hulk,4,1,1,1,135.27473,0,0,1,1,52.09188,0,0,180.0
976,ATA_Shadow,13,0,0,0,0.0,0,0,1,1,15.0734215,0,0,180.0
977,ATA_maczora,13,1,0,0,91.00001,0,0,0,0,0.0,0,0,197.0
978,ATA_Sparrow,13,2,0,0,180.62299,0,0,1,2,11.857305,0,0,170.0
979,ATA_Rain1ng,13,0,0,0,0.0,0,0,0,0,0.0,0,0,93.0
980,MaD_DAEVA,2,0,2,3,287.1161,0,1,0,0,0.0,1,0,1744.0
981,MaD_2tap,2,2,1,7,421.77402,1,0,2,2,29.03822,1,0,1744.0
982,MaD_EEND,2,0,1,1,77.320564,0,0,0,0,0.0,0,0,1532.0
983,MaD_Lash,2,4,0,8,326.2375,1,0,1,4,43.656593,0,0,1671.0
984,AF_Hansia,5,1,0,0,263.22308,0,0,0,0,0.0,0,0,511.0
985,AF_Hikari,5,3,0,5,445.42752,1,5,2,5,142.76146,0,0,1093.0
986,AF_Akad,5,1,0,0,100.0,0,0,1,1,54.208946,0,0,504.0
987,AF_EJ,5,0,0,0,0.0,0,0,0,0,0.0,0,0,226.0
988,Alo_Minsung,6,1,0,0,100.0,0,0,1,1,38.940636,0,0,261.0
989,Alo_Ayoh,6,3,0,4,437.27997,2,4,1,3,38.313835,0,0,597.0
990,Alo_Joy,6,1,1,5,315.4756,0,18,1,1,15.141256,0,0,762.0
991,Alo_ha,6,0,0,0,0.0,0,0,0,0,0.0,0,0,141.0
992,V7_SeungYong,16,0,0,0,0.0,0,0,0,0,0.0,0,0,158.0
993,V7_Heat,16,2,1,0,106.45,0,0,1,1,3.5300906,0,0,152.0
994,V7_TaekGyun,16,0,2,0,108.28999,0,0,0,0,0.0,0,0,158.0
995,V7_2star,16,0,1,0,73.79,0,0,0,0,0.0,0,0,158.0
996,GRF_Menteul,3,1,0,4,118.851006,0,3,1,1,18.746567,0,0,894.0
997,GRF_mick9y,3,0,0,0,0.0,0,0,0,0,0.0,0,0,803.0
998,GRF_2heart,3,2,0,5,465.8079,0,3,0,0,0.0,0,0,1683.0
999,GRF_Foxy,3,0,0,8,211.3985,0,1,1,1,4.867083,0,0,1639.0
1000,GEN_Inonix,14,0,0,0,0.0,0,0,0,0,0.0,0,0,90.0
1001,GEN_Asura,14,1,1,1,99.99999,0,3,0,0,0.0,0,0,181.0
1002,GEN_Pio,14,1,0,0,100.0,0,0,0,0,0.0,0,0,101.0
1003,GEN_Esther,14,1,0,0,209.33612,0,0,1,1,42.157154,0,0,181.0
1004,DK_Makne,1,0,0,8,98.62366,1,9,1,2,255.33484,0,0,1744.694
1005,DK_Loki,1,0,3,6,166.16217,0,6,0,0,0.0,0,0,1744.694
1006,DK_Under,1,3,0,4,151.74033,0,7,2,3,44.615067,1,0,1744.694
1007,DK_SiIky,1,0,0,4,100.0,0,10,1,1,45.99744,0,0,1744.694
1008,WKD_AKaN,11,0,0,0,0.0,0,0,0,0,0.0,0,0,91.0
1009,WKD_HelleN,11,2,0,4,311.17392,1,5,5,5,10.721616,1,0,351.0
1010,WKD_Damin,11,1,0,1,88.45486,0,2,1,1,27.065718,0,0,421.0
1011,WKD_Psychopathy,11,0,0,2,0.0,0,0,0,0,0.0,0,0,157.0
1012,FSG_DG98,7,1,0,3,199.6,0,1,1,1,20.208492,0,0,454.0
1013,FSG_blackwalk,7,1,0,3,189.98592,1,3,1,1,26.346912,0,0,662.0
1014,FSG_Seongjang,7,0,1,2,121.66806,0,1,0,0,0.0,0,0,569.0
1015,FSG_Black9,7,0,0,1,0.0,0,0,0,0,0.0,0,0,425.0
1016,DNW_YJ,12,2,0,0,212.51299,0,0,1,2,36.97183,0,0,209.0
1017,DNW_LeClo,12,0,0,0,0.0,0,0,0,0,0.0,0,0,138.0
1018,DNW_seoul,12,0,0,0,0.0,0,0,0,0,0.0,0,0,169.0
1019,DNW_Salute,12,1,1,1,132.9,1,8,1,1,13.984257,0,0,209.0
1020,emT_Gyuyeon,15,2,2,0,123.62704,0,0,0,0,0.0,0,0,166.0
1021,emT_Salvia,15,0,1,0,119.48518,0,0,0,0,0.0,0,0,139.0
1022,emT_JeffLocka,15,2,0,0,200.0,0,0,1,2,9.00065,0,0,153.0
1023,emT_HAIL,15,1,0,0,219.43233,0,0,1,1,14.395443,0,0,166.0
